Format Version,1.25,Take Name,Take 2025-11-27 05.20.50 PM,Take Notes,,Capture Frame Rate,120.000000,Export Frame Rate,120.000000,Capture Start Time,2025-11-27 05.20.51.244 PM,Capture Start Frame,118212,Total Frames in Take,1000,Total Exported Frames,1000,Rotation Type,Quaternion,Length Units,Centimeters,Coordinate Space,Global

,Type,Rigid Body,Rigid Body,Rigid Body,Rigid Body,Rigid Body,Rigid Body,Rigid Body
,Name,SEE_large,SEE_large,SEE_large,SEE_large,SEE_large,SEE_large,SEE_large
,ID,B4680608301811F031C44B617C10C291,B4680608301811F031C44B617C10C291,B4680608301811F031C44B617C10C291,B4680608301811F031C44B617C10C291,B4680608301811F031C44B617C10C291,B4680608301811F031C44B617C10C291,B4680608301811F031C44B617C10C291
,Parent,,,,,,,
,,Rotation,Rotation,Rotation,Rotation,Position,Position,Position
Frame,Time (Seconds),X,Y,Z,W,X,Y,Z
0,0.000000,0.010603,0.931254,0.023085,0.363485,-215.006668,92.164192,84.331451
1,0.008333,0.010507,0.931293,0.023252,0.363375,-215.005066,92.161217,84.331993
2,0.016667,0.010692,0.931287,0.023063,0.363398,-215.004730,92.161583,84.332672
3,0.025000,0.010603,0.931294,0.023179,0.363374,-215.003876,92.162285,84.332916
4,0.033333,0.010513,0.931274,0.023110,0.363434,-215.003235,92.163643,84.333778
5,0.041667,0.010453,0.931277,0.023052,0.363432,-215.001709,92.163506,84.333847
6,0.050000,0.010549,0.931271,0.023036,0.363446,-215.000320,92.163010,84.332970
7,0.058333,0.010585,0.931268,0.023238,0.363439,-215.000565,92.163948,84.332016
8,0.066667,0.010601,0.931275,0.023119,0.363428,-214.999817,92.163551,84.330727
9,0.075000,0.010659,0.931269,0.023272,0.363432,-215.000397,92.161491,84.330017
10,0.083333,0.010673,0.931273,0.023194,0.363428,-215.000656,92.161575,84.327919
11,0.091667,0.010682,0.931267,0.023189,0.363441,-215.002014,92.162476,84.327759
12,0.100000,0.010616,0.931271,0.023167,0.363434,-215.002365,92.162186,84.328094
13,0.108333,0.010491,0.931262,0.023134,0.363463,-215.002731,92.163452,84.327385
14,0.116667,0.010486,0.931257,0.023083,0.363480,-215.003922,92.163483,84.328957
15,0.125000,0.010394,0.931298,0.023113,0.363375,-215.004257,92.162613,84.330620
16,0.133333,0.010544,0.931283,0.023053,0.363413,-215.005737,92.162842,84.331245
17,0.141667,0.010526,0.931290,0.023115,0.363391,-215.007401,92.164162,84.332199
18,0.150000,0.010472,0.931274,0.023156,0.363431,-215.006897,92.162880,84.332535
19,0.158333,0.010608,0.931259,0.023229,0.363462,-215.006943,92.161903,84.334251
20,0.166667,0.010552,0.931265,0.023248,0.363446,-215.006180,92.160759,84.334572
21,0.175000,0.010484,0.931301,0.023126,0.363365,-215.005447,92.161140,84.335587
22,0.183333,0.010596,0.931283,0.023069,0.363410,-215.004776,92.162552,84.335312
23,0.191667,0.010537,0.931281,0.023054,0.363418,-215.003036,92.161499,84.335510
24,0.200000,0.010679,0.931290,0.023125,0.363388,-215.002014,92.162621,84.334808
25,0.208333,0.010706,0.931266,0.023158,0.363447,-215.001099,92.161293,84.332535
26,0.216667,0.010759,0.931270,0.023237,0.363428,-215.002106,92.162361,84.330994
27,0.225000,0.010647,0.931243,0.023128,0.363507,-215.001465,92.161766,84.329979
28,0.233333,0.010565,0.931267,0.023166,0.363447,-215.002106,92.161209,84.331161
29,0.241667,0.010501,0.931253,0.023145,0.363486,-215.003326,92.162582,84.330925
30,0.250000,0.010444,0.931265,0.023214,0.363451,-215.003326,92.163246,84.329239
31,0.258333,0.010497,0.931270,0.023089,0.363445,-215.004608,92.162613,84.331322
32,0.266667,0.010561,0.931265,0.023028,0.363460,-215.005142,92.164154,84.330719
33,0.275000,0.010648,0.931283,0.023055,0.363410,-215.006073,92.163788,84.332520
34,0.283333,0.010579,0.931268,0.023146,0.363445,-215.006638,92.163719,84.334122
35,0.291667,0.010433,0.931259,0.023093,0.363475,-215.006470,92.163933,84.332428
36,0.300000,0.010439,0.931226,0.023100,0.363559,-215.007446,92.163033,84.333458
37,0.308333,0.010379,0.931263,0.023075,0.363467,-215.005798,92.163445,84.331940
38,0.316667,0.010403,0.931261,0.023156,0.363466,-215.004990,92.162834,84.331398
39,0.325000,0.010562,0.931270,0.023077,0.363445,-215.003708,92.162476,84.331390
40,0.333333,0.010548,0.931273,0.023100,0.363436,-215.002411,92.162521,84.330650
41,0.341667,0.010460,0.931279,0.023113,0.363423,-215.000275,92.161568,84.332016
42,0.350000,0.010561,0.931272,0.023156,0.363434,-214.998764,92.161354,84.330460
43,0.358333,0.010634,0.931267,0.023038,0.363453,-214.999863,92.162582,84.331474
44,0.366667,0.010549,0.931268,0.023182,0.363443,-214.999481,92.162743,84.332672
45,0.375000,0.010475,0.931263,0.023232,0.363456,-215.000015,92.162109,84.334145
46,0.383333,0.010629,0.931257,0.023202,0.363469,-215.002136,92.163757,84.337120
47,0.391667,0.010363,0.931261,0.023348,0.363455,-215.001007,92.162834,84.338394
48,0.400000,0.010473,0.931257,0.023172,0.363474,-215.000610,92.163239,84.338882
49,0.408333,0.010399,0.931287,0.023089,0.363405,-214.998764,92.162788,84.339264
50,0.416667,0.010426,0.931261,0.023075,0.363471,-214.998459,92.163208,84.338051
51,0.425000,0.010558,0.931263,0.023224,0.363453,-214.999680,92.162582,84.339973
52,0.433333,0.010682,0.931259,0.023251,0.363458,-215.000198,92.161346,84.340446
53,0.441667,0.010445,0.931278,0.023197,0.363419,-215.002029,92.162514,84.342644
54,0.450000,0.010434,0.931289,0.023214,0.363390,-215.002350,92.163399,84.341942
55,0.458333,0.010554,0.931271,0.023193,0.363435,-215.004181,92.163261,84.341553
56,0.466667,0.010630,0.931309,0.023111,0.363340,-215.005905,92.163177,84.342468
57,0.475000,0.010588,0.931306,0.023148,0.363347,-215.007751,92.164375,84.341896
58,0.483333,0.010436,0.931294,0.023126,0.363384,-215.010925,92.164818,84.342453
59,0.491667,0.010140,0.931368,0.023418,0.363184,-215.016174,92.164276,84.342133
60,0.500000,0.010357,0.931349,0.023354,0.363230,-215.024658,92.164520,84.339844
61,0.508333,0.010131,0.931344,0.023530,0.363238,-215.034103,92.164703,84.341019
62,0.516667,0.009928,0.931347,0.023662,0.363227,-215.043610,92.163673,84.342773
63,0.525000,0.009518,0.931374,0.023783,0.363161,-215.054703,92.163834,84.345589
64,0.533333,0.009144,0.931356,0.023919,0.363209,-215.063889,92.164124,84.346100
65,0.541667,0.008883,0.931362,0.023935,0.363199,-215.074036,92.165794,84.347626
66,0.550000,0.008626,0.931318,0.023963,0.363317,-215.082306,92.164886,84.346268
67,0.558333,0.008273,0.931239,0.023873,0.363532,-215.091583,92.164520,84.342468
68,0.566667,0.007674,0.931207,0.023975,0.363620,-215.103958,92.164986,84.340630
69,0.575000,0.004889,0.930826,0.023725,0.364660,-215.126770,92.186775,84.350220
70,0.583333,0.003972,0.930752,0.023637,0.364864,-215.140717,92.190048,84.345848
71,0.591667,0.003349,0.930633,0.023445,0.365187,-215.150635,92.193481,84.341194
72,0.600000,0.002709,0.930602,0.023314,0.365279,-215.158264,92.197121,84.339813
73,0.608333,0.002176,0.930761,0.023549,0.364862,-215.164139,92.195908,84.341949
74,0.616667,0.002035,0.930841,0.023801,0.364644,-215.168427,92.194679,84.344498
75,0.625000,0.002185,0.930819,0.023031,0.364747,-215.174896,92.191551,84.357162
76,0.633333,0.003177,0.931105,0.024171,0.363936,-215.174957,92.190002,84.340652
77,0.641667,0.002377,0.931014,0.023827,0.364196,-215.190857,92.191742,84.358276
78,0.650000,0.001921,0.930884,0.023174,0.364575,-215.201065,92.187035,84.366310
79,0.658333,0.002007,0.931061,0.022672,0.364153,-215.201599,92.175232,84.359253
80,0.666667,0.001904,0.931131,0.022592,0.363980,-215.210129,92.171791,84.356354
81,0.675000,0.001596,0.931127,0.022676,0.363985,-215.219025,92.171165,84.357422
82,0.683333,0.001281,0.931146,0.022724,0.363936,-215.225571,92.173264,84.357765
83,0.691667,0.001076,0.931150,0.022933,0.363912,-215.232422,92.173378,84.358986
84,0.700000,0.000795,0.931202,0.023130,0.363769,-215.241272,92.173393,84.360779
85,0.708333,0.000734,0.931240,0.023240,0.363665,-215.251083,92.173676,84.364853
86,0.716667,0.000569,0.931265,0.023348,0.363593,-215.259766,92.174370,84.367332
87,0.725000,0.000668,0.931259,0.023644,0.363590,-215.268112,92.171242,84.380402
88,0.733333,0.000675,0.931289,0.023924,0.363494,-215.275101,92.170113,84.387558
89,0.741667,0.000695,0.931331,0.024158,0.363370,-215.286179,92.171738,84.390022
90,0.750000,0.000649,0.931280,0.024506,0.363479,-215.295914,92.171661,84.394432
91,0.758333,0.000303,0.931318,0.024659,0.363372,-215.302856,92.173698,84.396500
92,0.766667,-0.000043,0.931270,0.024692,0.363493,-215.312912,92.178017,84.401115
93,0.775000,-0.000415,0.931293,0.024813,0.363424,-215.321274,92.180779,84.401932
94,0.783333,-0.000550,0.931261,0.024807,0.363507,-215.330292,92.182449,84.401917
95,0.791667,-0.001675,0.931464,0.025499,0.362935,-215.336395,92.177109,84.408943
96,0.800000,-0.001922,0.931481,0.025786,0.362871,-215.342026,92.174606,84.411659
97,0.808333,-0.002096,0.931492,0.025913,0.362832,-215.349396,92.174080,84.415016
98,0.816667,-0.002336,0.931461,0.026088,0.362898,-215.359497,92.175842,84.414078
99,0.825000,-0.002770,0.931487,0.026333,0.362810,-215.370300,92.175797,84.417274
100,0.833333,-0.002767,0.931447,0.026371,0.362911,-215.383057,92.179581,84.417305
101,0.841667,-0.003189,0.931450,0.026765,0.362869,-215.394089,92.179253,84.417633
102,0.850000,-0.003379,0.931398,0.026780,0.363000,-215.407532,92.182457,84.418991
103,0.858333,-0.003739,0.931332,0.027008,0.363149,-215.421295,92.182083,84.418015
104,0.866667,-0.003480,0.931376,0.026162,0.363102,-215.442688,92.194328,84.416153
105,0.875000,-0.003762,0.931264,0.026171,0.363385,-215.461182,92.197250,84.410927
106,0.883333,-0.004306,0.931061,0.026197,0.363897,-215.479065,92.199509,84.415184
107,0.891667,-0.004754,0.931000,0.026172,0.364049,-215.490540,92.201241,84.417465
108,0.900000,-0.005165,0.930929,0.026378,0.364209,-215.500504,92.201004,84.416832
109,0.908333,-0.005200,0.930876,0.026525,0.364333,-215.511032,92.201302,84.419701
110,0.916667,-0.005052,0.930955,0.028200,0.364007,-215.524796,92.208656,84.419403
111,0.925000,-0.005140,0.931048,0.028698,0.363730,-215.537079,92.210945,84.418091
112,0.933333,-0.005310,0.931092,0.028824,0.363605,-215.546417,92.210648,84.416641
113,0.941667,-0.005423,0.931078,0.028959,0.363627,-215.555283,92.208488,84.416039
114,0.950000,-0.005481,0.931089,0.029039,0.363593,-215.566116,92.209793,84.417099
115,0.958333,-0.005758,0.931068,0.029049,0.363643,-215.577698,92.209702,84.415504
116,0.966667,-0.005995,0.931091,0.029160,0.363570,-215.590164,92.207344,84.416809
117,0.975000,-0.006170,0.931119,0.029311,0.363484,-215.601013,92.207840,84.414238
118,0.983333,-0.006463,0.931128,0.029372,0.363450,-215.609772,92.207153,84.410851
119,0.991667,-0.006246,0.931146,0.029390,0.363407,-215.614059,92.206161,84.412262
120,1.000000,-0.006297,0.931120,0.029395,0.363473,-215.614319,92.206589,84.408867
121,1.008333,-0.006174,0.931124,0.029459,0.363458,-215.611984,92.206795,84.409065
122,1.016667,-0.006100,0.931130,0.029374,0.363450,-215.608597,92.206741,84.409943
123,1.025000,-0.005996,0.931129,0.029306,0.363462,-215.606277,92.208412,84.410439
124,1.033333,-0.005924,0.931139,0.029374,0.363431,-215.607208,92.210197,84.412895
125,1.041667,-0.006081,0.931142,0.029321,0.363426,-215.607117,92.208588,84.412643
126,1.050000,-0.006013,0.931133,0.029253,0.363454,-215.607285,92.208870,84.413353
127,1.058333,-0.006019,0.931117,0.029240,0.363497,-215.608032,92.208923,84.413124
128,1.066667,-0.005938,0.931148,0.029159,0.363426,-215.606995,92.208061,84.412399
129,1.075000,-0.006075,0.931161,0.029284,0.363379,-215.605835,92.207741,84.412949
130,1.083333,-0.006122,0.931137,0.029268,0.363442,-215.603119,92.207016,84.410629
131,1.091667,-0.006020,0.931175,0.029261,0.363346,-215.604019,92.207413,84.413254
132,1.100000,-0.006146,0.931161,0.029208,0.363385,-215.606506,92.208252,84.413841
133,1.108333,-0.006171,0.931200,0.029163,0.363289,-215.608353,92.208435,84.414734
134,1.116667,-0.006155,0.931213,0.029282,0.363244,-215.611984,92.208504,84.414497
135,1.125000,-0.006322,0.931228,0.029321,0.363201,-215.614136,92.208221,84.411781
136,1.133333,-0.006219,0.931242,0.029172,0.363178,-215.617615,92.208900,84.412018
137,1.141667,-0.006269,0.931284,0.029196,0.363069,-215.620773,92.209587,84.410301
138,1.150000,-0.006260,0.931291,0.029285,0.363044,-215.623901,92.208817,84.409348
139,1.158333,-0.006269,0.931310,0.029251,0.362996,-215.626053,92.209419,84.408127
140,1.166667,-0.006326,0.931328,0.029171,0.362957,-215.625580,92.208900,84.408470
141,1.175000,-0.006335,0.931294,0.029092,0.363050,-215.624588,92.208794,84.409531
142,1.183333,-0.006236,0.931258,0.029124,0.363142,-215.623184,92.208679,84.410408
143,1.191667,-0.006366,0.931295,0.029144,0.363042,-215.622208,92.208786,84.414207
144,1.200000,-0.006372,0.931278,0.029206,0.363082,-215.621307,92.209160,84.412415
145,1.208333,-0.006258,0.931287,0.029168,0.363063,-215.622711,92.209015,84.413162
146,1.216667,-0.006300,0.931276,0.029168,0.363090,-215.623825,92.208939,84.415176
147,1.225000,-0.006391,0.931289,0.029019,0.363067,-215.623306,92.208824,84.413368
148,1.233333,-0.006265,0.931265,0.029002,0.363131,-215.623642,92.208275,84.412643
149,1.241667,-0.006305,0.931283,0.029178,0.363071,-215.623642,92.207710,84.412437
150,1.250000,-0.006223,0.931289,0.029235,0.363053,-215.623566,92.207596,84.412849
151,1.258333,-0.006261,0.931292,0.029250,0.363042,-215.623856,92.209450,84.412178
152,1.266667,-0.006395,0.931299,0.029180,0.363029,-215.622879,92.209129,84.410820
153,1.275000,-0.006266,0.931264,0.029118,0.363125,-215.622925,92.209381,84.411583
154,1.283333,-0.006327,0.931260,0.029156,0.363131,-215.622025,92.209694,84.410072
155,1.291667,-0.006316,0.931272,0.029236,0.363095,-215.621643,92.209045,84.411896
156,1.300000,-0.006372,0.931276,0.029139,0.363092,-215.621643,92.209816,84.412186
157,1.308333,-0.006434,0.931304,0.029221,0.363012,-215.621613,92.210258,84.412079
158,1.316667,-0.006364,0.931289,0.029185,0.363056,-215.622299,92.209885,84.413231
159,1.325000,-0.006381,0.931279,0.029227,0.363077,-215.621811,92.209236,84.412270
160,1.333333,-0.006439,0.931304,0.029178,0.363016,-215.622025,92.207825,84.414848
161,1.341667,-0.006368,0.931289,0.029055,0.363064,-215.622025,92.207268,84.415794
162,1.350000,-0.006492,0.931267,0.029211,0.363107,-215.621262,92.207108,84.414665
163,1.358333,-0.006413,0.931272,0.029310,0.363087,-215.621307,92.207336,84.415665
164,1.366667,-0.006332,0.931275,0.029173,0.363092,-215.621277,92.206985,84.415588
165,1.375000,-0.006405,0.931273,0.029188,0.363095,-215.621918,92.206970,84.416260
166,1.383333,-0.006358,0.931265,0.029165,0.363118,-215.621857,92.207497,84.415527
167,1.391667,-0.006434,0.931265,0.029231,0.363110,-215.621902,92.207115,84.417336
168,1.400000,-0.006403,0.931293,0.029192,0.363042,-215.623062,92.208046,84.416382
169,1.408333,-0.006446,0.931312,0.029231,0.362990,-215.624268,92.207466,84.415771
170,1.416667,-0.006314,0.931317,0.029241,0.362978,-215.626282,92.207512,84.415504
171,1.425000,-0.006407,0.931307,0.029170,0.363009,-215.627701,92.206451,84.415306
172,1.433333,-0.006400,0.931293,0.029074,0.363053,-215.628052,92.206734,84.415611
173,1.441667,-0.006312,0.931286,0.029069,0.363072,-215.628860,92.207298,84.416878
174,1.450000,-0.006352,0.931302,0.029192,0.363020,-215.629196,92.206841,84.417015
175,1.458333,-0.006176,0.931273,0.029154,0.363102,-215.630096,92.206650,84.418182
176,1.466667,-0.006350,0.931285,0.029108,0.363071,-215.631073,92.207672,84.417145
177,1.475000,-0.006531,0.931319,0.029161,0.362977,-215.631775,92.207130,84.418488
178,1.483333,-0.006408,0.931337,0.029093,0.362939,-215.631195,92.207253,84.418312
179,1.491667,-0.006496,0.931345,0.029246,0.362903,-215.630417,92.206398,84.417412
180,1.500000,-0.006349,0.931320,0.029035,0.362988,-215.630646,92.207764,84.416862
181,1.508333,-0.006531,0.931332,0.029052,0.362951,-215.630295,92.207542,84.415077
182,1.516667,-0.006487,0.931329,0.029185,0.362949,-215.629959,92.206673,84.415283
183,1.525000,-0.006411,0.931313,0.029100,0.362999,-215.629440,92.207970,84.412941
184,1.533333,-0.006303,0.931263,0.029148,0.363126,-215.628937,92.208664,84.409325
185,1.541667,-0.006515,0.931278,0.029197,0.363079,-215.627243,92.209908,84.408875
186,1.550000,-0.006317,0.931296,0.029242,0.363033,-215.622925,92.208992,84.410057
187,1.558333,-0.006673,0.931307,0.028948,0.363021,-215.620773,92.212990,84.412010
188,1.566667,-0.006667,0.931312,0.029018,0.363004,-215.617157,92.212029,84.411057
189,1.575000,-0.006633,0.931374,0.029030,0.362845,-215.610458,92.213646,84.419876
190,1.583333,-0.007004,0.931345,0.028760,0.362932,-215.610199,92.217270,84.425568
191,1.591667,-0.006909,0.931344,0.028998,0.362919,-215.610931,92.214676,84.423615
192,1.600000,-0.006598,0.931342,0.028940,0.362935,-215.610718,92.213882,84.424889
193,1.608333,-0.006689,0.931339,0.028927,0.362942,-215.611893,92.213509,84.424957
194,1.616667,-0.006789,0.931386,0.029075,0.362808,-215.614136,92.211632,84.428993
195,1.625000,-0.006721,0.931377,0.029049,0.362832,-215.615219,92.211174,84.429420
196,1.633333,-0.006681,0.931369,0.028934,0.362865,-215.615509,92.210182,84.428848
197,1.641667,-0.006557,0.931383,0.029010,0.362825,-215.615707,92.210358,84.429970
198,1.650000,-0.006485,0.931389,0.029019,0.362810,-215.614777,92.210052,84.428940
199,1.658333,-0.006330,0.931379,0.029081,0.362832,-215.614243,92.210922,84.429665
200,1.666667,-0.006313,0.931361,0.029001,0.362886,-215.612122,92.210831,84.429512
201,1.675000,-0.006556,0.931356,0.028963,0.362898,-215.610321,92.211555,84.427933
202,1.683333,-0.006529,0.931339,0.028997,0.362940,-215.608810,92.212555,84.426811
203,1.691667,-0.006471,0.931338,0.029018,0.362941,-215.607452,92.214287,84.423874
204,1.700000,-0.006389,0.931365,0.029019,0.362873,-215.606567,92.213615,84.422859
205,1.708333,-0.006609,0.931341,0.029144,0.362919,-215.605896,92.214470,84.419189
206,1.716667,-0.006735,0.931356,0.029011,0.362890,-215.607712,92.214851,84.417679
207,1.725000,-0.006683,0.931371,0.029015,0.362853,-215.611526,92.215576,84.416458
208,1.733333,-0.006769,0.931387,0.028992,0.362812,-215.614777,92.215134,84.413750
209,1.741667,-0.006836,0.931399,0.029057,0.362774,-215.616577,92.213348,84.413322
210,1.750000,-0.006660,0.931430,0.028923,0.362708,-215.616989,92.212852,84.413292
211,1.758333,-0.006616,0.931451,0.028854,0.362659,-215.615387,92.211105,84.408272
212,1.766667,-0.006604,0.931508,0.028829,0.362516,-215.618134,92.210617,84.412666
213,1.775000,-0.006543,0.931475,0.028839,0.362603,-215.617950,92.210594,84.415512
214,1.783333,-0.006393,0.931414,0.029004,0.362748,-215.617584,92.210129,84.419838
215,1.791667,-0.006573,0.931424,0.029048,0.362716,-215.616440,92.210472,84.421875
216,1.800000,-0.006409,0.931412,0.029017,0.362753,-215.615967,92.210159,84.424698
217,1.808333,-0.006453,0.931393,0.029027,0.362799,-215.615005,92.210938,84.425690
218,1.816667,-0.006468,0.931397,0.029118,0.362780,-215.612976,92.212067,84.425774
219,1.825000,-0.006281,0.931402,0.029080,0.362775,-215.611130,92.212517,84.426048
220,1.833333,-0.006458,0.931400,0.029036,0.362779,-215.610962,92.212364,84.425011
221,1.841667,-0.006393,0.931380,0.028907,0.362844,-215.610626,92.212387,84.426590
222,1.850000,-0.006396,0.931347,0.028938,0.362924,-215.609619,92.212402,84.425041
223,1.858333,-0.006265,0.931329,0.028925,0.362974,-215.609573,92.212875,84.423027
224,1.866667,-0.006416,0.931378,0.029012,0.362839,-215.609100,92.212280,84.422478
225,1.875000,-0.006537,0.931364,0.028915,0.362881,-215.609650,92.211258,84.420975
226,1.883333,-0.006602,0.931381,0.028912,0.362837,-215.611130,92.211922,84.420570
227,1.891667,-0.006541,0.931376,0.028916,0.362848,-215.611237,92.210938,84.419708
228,1.900000,-0.006473,0.931378,0.028949,0.362842,-215.612411,92.210785,84.419312
229,1.908333,-0.006540,0.931378,0.028927,0.362844,-215.615875,92.211693,84.420029
230,1.916667,-0.006455,0.931397,0.028934,0.362795,-215.619034,92.210945,84.421387
231,1.925000,-0.006661,0.931384,0.029045,0.362817,-215.621109,92.210320,84.422073
232,1.933333,-0.006635,0.931415,0.029071,0.362736,-215.620178,92.210732,84.420929
233,1.941667,-0.006685,0.931435,0.028937,0.362694,-215.619400,92.209938,84.418663
234,1.950000,-0.006437,0.931473,0.028797,0.362613,-215.620758,92.211380,84.422546
235,1.958333,-0.006520,0.931458,0.029108,0.362624,-215.618439,92.209587,84.425797
236,1.966667,-0.006421,0.931427,0.029057,0.362710,-215.618103,92.211243,84.427414
237,1.975000,-0.006541,0.931385,0.029114,0.362811,-215.617035,92.210999,84.427551
238,1.983333,-0.006326,0.931378,0.028953,0.362845,-215.617203,92.212280,84.427673
239,1.991667,-0.006389,0.931396,0.028973,0.362797,-215.616898,92.211243,84.428772
240,2.000000,-0.006288,0.931403,0.028956,0.362781,-215.616028,92.210999,84.426430
241,2.008333,-0.006327,0.931405,0.028843,0.362786,-215.616989,92.210892,84.426323
242,2.016667,-0.006274,0.931408,0.028916,0.362773,-215.616486,92.209625,84.424767
243,2.025000,-0.006577,0.931440,0.029076,0.362671,-215.617493,92.210075,84.425446
244,2.033333,-0.006484,0.931446,0.028955,0.362669,-215.618729,92.209915,84.425362
245,2.041667,-0.006391,0.931453,0.028938,0.362652,-215.619308,92.209763,84.424980
246,2.050000,-0.006397,0.931432,0.028778,0.362721,-215.620071,92.210579,84.423981
247,2.058333,-0.006508,0.931452,0.028879,0.362657,-215.619415,92.209343,84.422951
248,2.066667,-0.006538,0.931438,0.028812,0.362698,-215.621063,92.210983,84.424576
249,2.075000,-0.006527,0.931441,0.028913,0.362683,-215.621902,92.210762,84.424263
250,2.083333,-0.006321,0.931463,0.028849,0.362636,-215.622116,92.210068,84.425720
251,2.091667,-0.006219,0.931458,0.028955,0.362643,-215.621368,92.209610,84.427063
252,2.100000,-0.006124,0.931439,0.028855,0.362699,-215.620514,92.210655,84.425964
253,2.108333,-0.006060,0.931453,0.028782,0.362671,-215.620682,92.210182,84.428207
254,2.116667,-0.006185,0.931426,0.028823,0.362735,-215.619751,92.210297,84.427856
255,2.125000,-0.006246,0.931449,0.028620,0.362692,-215.619400,92.209938,84.423950
256,2.133333,-0.006169,0.931502,0.028606,0.362558,-215.622589,92.210793,84.427246
257,2.141667,-0.006274,0.931479,0.028687,0.362608,-215.621185,92.209366,84.427261
258,2.150000,-0.006056,0.931440,0.028830,0.362701,-215.621109,92.209801,84.428444
259,2.158333,-0.006160,0.931430,0.028833,0.362724,-215.620804,92.209618,84.427559
260,2.166667,-0.006130,0.931427,0.028680,0.362745,-215.621490,92.210617,84.427467
261,2.175000,-0.006175,0.931411,0.028842,0.362773,-215.621231,92.208984,84.427376
262,2.183333,-0.006313,0.931442,0.028764,0.362696,-215.620880,92.208000,84.422302
263,2.191667,-0.006223,0.931545,0.028677,0.362440,-215.624588,92.209480,84.423409
264,2.200000,-0.006265,0.931538,0.028828,0.362446,-215.624756,92.209007,84.422806
265,2.208333,-0.006138,0.931490,0.028764,0.362575,-215.625076,92.209648,84.423706
266,2.216667,-0.006276,0.931489,0.028811,0.362571,-215.624664,92.209877,84.423164
267,2.225000,-0.006354,0.931485,0.028619,0.362597,-215.623688,92.208466,84.419418
268,2.233333,-0.006235,0.931530,0.028230,0.362514,-215.624283,92.207436,84.417099
269,2.241667,-0.006269,0.931567,0.028084,0.362428,-215.624359,92.206215,84.416077
270,2.250000,-0.006059,0.931558,0.028530,0.362422,-215.624863,92.208298,84.422600
271,2.258333,-0.006133,0.931519,0.028700,0.362507,-215.621902,92.209312,84.426308
272,2.266667,-0.006135,0.931443,0.028853,0.362689,-215.619492,92.209282,84.428169
273,2.275000,-0.006222,0.931412,0.028821,0.362771,-215.618774,92.208565,84.429077
274,2.283333,-0.006169,0.931424,0.028921,0.362732,-215.617447,92.208794,84.429100
275,2.291667,-0.006004,0.931406,0.028762,0.362795,-215.618317,92.210251,84.428871
276,2.300000,-0.006252,0.931435,0.028766,0.362714,-215.617783,92.209152,84.427711
277,2.308333,-0.006276,0.931434,0.028788,0.362715,-215.618927,92.209824,84.427109
278,2.316667,-0.006261,0.931440,0.028808,0.362698,-215.618515,92.208778,84.426903
279,2.325000,-0.006254,0.931433,0.028822,0.362715,-215.619659,92.209915,84.425293
280,2.333333,-0.006212,0.931423,0.028748,0.362748,-215.620758,92.210678,84.424858
281,2.341667,-0.006314,0.931446,0.028968,0.362670,-215.620560,92.210251,84.423485
282,2.350000,-0.006251,0.931444,0.028927,0.362679,-215.620468,92.210213,84.423721
283,2.358333,-0.006305,0.931454,0.028906,0.362655,-215.619949,92.209930,84.424820
284,2.366667,-0.006325,0.931435,0.028709,0.362719,-215.618301,92.208633,84.418991
285,2.375000,-0.006318,0.931487,0.028714,0.362584,-215.620972,92.209587,84.422081
286,2.383333,-0.006292,0.931467,0.028864,0.362625,-215.620285,92.209595,84.423378
287,2.391667,-0.006174,0.931440,0.028931,0.362691,-215.619659,92.210587,84.425529
288,2.400000,-0.006259,0.931412,0.028900,0.362763,-215.618988,92.209991,84.427322
289,2.408333,-0.006260,0.931419,0.028924,0.362745,-215.617752,92.209824,84.428329
290,2.416667,-0.006242,0.931417,0.028811,0.362759,-215.618134,92.210350,84.427902
291,2.425000,-0.006328,0.931419,0.028900,0.362745,-215.617676,92.209358,84.426857
292,2.433333,-0.006040,0.931441,0.028905,0.362693,-215.618271,92.210068,84.427979
293,2.441667,-0.006204,0.931423,0.028961,0.362731,-215.618103,92.209457,84.426048
294,2.450000,-0.006239,0.931421,0.028926,0.362738,-215.617615,92.208771,84.426300
295,2.458333,-0.006189,0.931420,0.028855,0.362748,-215.617416,92.209991,84.425789
296,2.466667,-0.006221,0.931414,0.028867,0.362763,-215.617615,92.210571,84.423889
297,2.475000,-0.006157,0.931424,0.028761,0.362746,-215.616745,92.209450,84.419235
298,2.483333,-0.006298,0.931483,0.028847,0.362585,-215.619202,92.209480,84.421021
299,2.491667,-0.006276,0.931456,0.028893,0.362650,-215.619614,92.209946,84.422890
300,2.500000,-0.006427,0.931420,0.028884,0.362742,-215.618866,92.211647,84.422150
301,2.508333,-0.006242,0.931408,0.028857,0.362778,-215.618256,92.210648,84.423462
302,2.516667,-0.006322,0.931409,0.028887,0.362770,-215.618256,92.210564,84.424034
303,2.525000,-0.006203,0.931401,0.028924,0.362792,-215.618347,92.210022,84.424667
304,2.533333,-0.006150,0.931444,0.028952,0.362680,-215.619019,92.210953,84.425674
305,2.541667,-0.006355,0.931456,0.028949,0.362644,-215.618866,92.210373,84.424316
306,2.550000,-0.006205,0.931424,0.028859,0.362738,-215.618179,92.207870,84.424667
307,2.558333,-0.006107,0.931436,0.028779,0.362715,-215.619247,92.208939,84.427475
308,2.566667,-0.006091,0.931414,0.028839,0.362765,-215.618866,92.208359,84.426727
309,2.575000,-0.006170,0.931412,0.028902,0.362765,-215.619659,92.209358,84.427559
310,2.583333,-0.006068,0.931403,0.028795,0.362799,-215.619064,92.209641,84.427292
311,2.591667,-0.006242,0.931418,0.028908,0.362747,-215.618866,92.209778,84.426674
312,2.600000,-0.006236,0.931424,0.028809,0.362741,-215.618988,92.210594,84.425751
313,2.608333,-0.006158,0.931434,0.028835,0.362715,-215.618515,92.210442,84.425491
314,2.616667,-0.006102,0.931435,0.028863,0.362709,-215.618942,92.210098,84.426422
315,2.625000,-0.006238,0.931423,0.028993,0.362728,-215.618729,92.209267,84.425026
316,2.633333,-0.006216,0.931436,0.028817,0.362708,-215.618103,92.208786,84.420876
317,2.641667,-0.006083,0.931460,0.028735,0.362657,-215.621155,92.210197,84.422081
318,2.650000,-0.006176,0.931448,0.028851,0.362676,-215.620377,92.210663,84.422287
319,2.658333,-0.006132,0.931441,0.028674,0.362708,-215.619202,92.210258,84.418556
320,2.666667,-0.006174,0.931489,0.028801,0.362576,-215.620667,92.208649,84.421692
321,2.675000,-0.006142,0.931454,0.028805,0.362665,-215.619202,92.207474,84.424629
322,2.683333,-0.006083,0.931421,0.028908,0.362744,-215.618317,92.209084,84.424911
323,2.691667,-0.006063,0.931413,0.028854,0.362768,-215.618256,92.209106,84.425644
324,2.700000,-0.006225,0.931431,0.028772,0.362725,-215.618652,92.209152,84.427467
325,2.708333,-0.006305,0.931416,0.028803,0.362760,-215.618942,92.209709,84.425919
326,2.716667,-0.006172,0.931415,0.028770,0.362767,-215.619614,92.209480,84.427582
327,2.725000,-0.006033,0.931406,0.028775,0.362793,-215.619995,92.209969,84.426147
328,2.733333,-0.006307,0.931431,0.028913,0.362712,-215.619904,92.209381,84.425163
329,2.741667,-0.006217,0.931464,0.028816,0.362637,-215.620377,92.209633,84.426682
330,2.750000,-0.006301,0.931464,0.028727,0.362643,-215.619873,92.209030,84.420296
331,2.758333,-0.006233,0.931524,0.028740,0.362489,-215.622879,92.209320,84.422798
332,2.766667,-0.006172,0.931508,0.028759,0.362530,-215.622253,92.209961,84.423782
333,2.775000,-0.006135,0.931460,0.028753,0.362653,-215.621811,92.210976,84.423698
334,2.783333,-0.006246,0.931447,0.028780,0.362682,-215.620773,92.209648,84.424057
335,2.791667,-0.006131,0.931424,0.028739,0.362748,-215.620331,92.208717,84.425560
336,2.800000,-0.006143,0.931437,0.028824,0.362707,-215.620117,92.209663,84.425728
337,2.808333,-0.006226,0.931441,0.028955,0.362685,-215.619843,92.208206,84.426476
338,2.816667,-0.006132,0.931435,0.028809,0.362714,-215.619415,92.208023,84.426384
339,2.825000,-0.006173,0.931446,0.028893,0.362679,-215.619110,92.207245,84.426613
340,2.833333,-0.006013,0.931460,0.028845,0.362649,-215.619370,92.209038,84.426353
341,2.841667,-0.006076,0.931436,0.028794,0.362712,-215.620117,92.208092,84.427277
342,2.850000,-0.006122,0.931418,0.028780,0.362760,-215.619537,92.207489,84.426208
343,2.858333,-0.006255,0.931445,0.028721,0.362694,-215.619476,92.207909,84.425896
344,2.866667,-0.006192,0.931442,0.028795,0.362695,-215.618988,92.207199,84.425323
345,2.875000,-0.006149,0.931452,0.028753,0.362674,-215.618057,92.208115,84.425278
346,2.883333,-0.006103,0.931453,0.028759,0.362673,-215.616959,92.207756,84.426941
347,2.891667,-0.006175,0.931462,0.029001,0.362628,-215.615128,92.206955,84.427834
348,2.900000,-0.006014,0.931455,0.028997,0.362650,-215.613144,92.208847,84.431259
349,2.908333,-0.005917,0.931435,0.029152,0.362691,-215.609528,92.207573,84.435547
350,2.916667,-0.005862,0.931416,0.029287,0.362729,-215.606552,92.208275,84.438934
351,2.925000,-0.005792,0.931389,0.029184,0.362808,-215.603729,92.210175,84.443512
352,2.933333,-0.005698,0.931352,0.029240,0.362900,-215.601044,92.209152,84.447029
353,2.941667,-0.005529,0.931382,0.029452,0.362808,-215.599487,92.209587,84.453918
354,2.950000,-0.005280,0.931380,0.029705,0.362797,-215.596817,92.208809,84.463539
355,2.958333,-0.005076,0.931386,0.029968,0.362762,-215.593140,92.209152,84.476456
356,2.966667,-0.004789,0.931372,0.030312,0.362772,-215.586990,92.210938,84.494850
357,2.975000,-0.003264,0.931438,0.031490,0.362520,-215.572235,92.200264,84.524986
358,2.983333,-0.002301,0.931509,0.031826,0.362316,-215.563248,92.202721,84.551773
359,2.991667,-0.001916,0.931645,0.032041,0.361949,-215.554382,92.204788,84.576744
360,3.000000,-0.001231,0.931682,0.032454,0.361819,-215.543365,92.205437,84.602570
361,3.008333,-0.000847,0.931678,0.032985,0.361783,-215.528152,92.206802,84.627975
362,3.016667,-0.000399,0.931618,0.033398,0.361901,-215.512161,92.208328,84.651199
363,3.025000,0.000190,0.931589,0.033801,0.361938,-215.499023,92.209747,84.672722
364,3.033333,0.000597,0.931572,0.034194,0.361945,-215.488129,92.211037,84.689949
365,3.041667,0.001063,0.931588,0.034539,0.361869,-215.476685,92.213219,84.708282
366,3.050000,0.001568,0.931596,0.034749,0.361827,-215.466522,92.214516,84.723816
367,3.058333,0.000836,0.931375,0.034836,0.362389,-215.466385,92.225845,84.748421
368,3.066667,0.000759,0.931285,0.035150,0.362591,-215.460388,92.225441,84.767418
369,3.075000,0.001081,0.931194,0.035339,0.362805,-215.454147,92.226387,84.791634
370,3.083333,0.001075,0.930971,0.035541,0.363357,-215.446396,92.228958,84.812225
371,3.091667,0.001160,0.930758,0.035422,0.363914,-215.438934,92.227753,84.825699
372,3.100000,0.001120,0.930663,0.035260,0.364172,-215.434982,92.225983,84.835175
373,3.108333,0.001204,0.930638,0.035347,0.364229,-215.433411,92.225540,84.838371
374,3.116667,0.002921,0.930839,0.035351,0.363703,-215.424393,92.211983,84.836311
375,3.125000,0.003973,0.931062,0.035640,0.363094,-215.425201,92.201561,84.835754
376,3.133333,0.004751,0.931192,0.036004,0.362715,-215.428375,92.193970,84.837265
377,3.141667,0.005221,0.931272,0.036848,0.362418,-215.430634,92.192810,84.845543
378,3.150000,0.005409,0.931310,0.037365,0.362265,-215.429810,92.193420,84.857170
379,3.158333,0.005664,0.931237,0.037656,0.362420,-215.429214,92.194778,84.869263
380,3.166667,0.005576,0.931254,0.038040,0.362336,-215.430145,92.194473,84.886154
381,3.175000,0.005443,0.931155,0.038273,0.362569,-215.432159,92.196930,84.898140
382,3.183333,0.005017,0.930937,0.038355,0.363127,-215.439301,92.201172,84.915283
383,3.191667,0.004917,0.930829,0.038386,0.363401,-215.445068,92.203293,84.921829
384,3.200000,0.004701,0.930792,0.038241,0.363512,-215.447113,92.204475,84.916405
385,3.208333,0.004479,0.930819,0.037845,0.363489,-215.449692,92.204750,84.905991
386,3.216667,0.004042,0.930845,0.037257,0.363489,-215.452698,92.208176,84.880867
387,3.225000,0.001658,0.930691,0.036526,0.363974,-215.465927,92.226540,84.859726
388,3.233333,0.000700,0.930732,0.035713,0.363953,-215.475464,92.231056,84.823181
389,3.241667,0.001123,0.931209,0.036740,0.362629,-215.479141,92.229874,84.767136
390,3.250000,0.001472,0.931565,0.036324,0.361752,-215.486740,92.224350,84.729210
391,3.258333,0.001764,0.931802,0.035663,0.361206,-215.492065,92.212090,84.726143
392,3.266667,0.002558,0.931780,0.037156,0.361107,-215.500397,92.225403,84.765503
393,3.275000,0.002866,0.931576,0.039853,0.361343,-215.500092,92.265549,84.799866
394,3.283333,0.002780,0.931381,0.040652,0.361759,-215.495819,92.316422,84.811638
395,3.291667,0.002613,0.931253,0.040159,0.362143,-215.490173,92.362663,84.813469
396,3.300000,0.002731,0.931304,0.039258,0.362110,-215.489243,92.408104,84.818176
397,3.308333,0.002011,0.931417,0.038231,0.361935,-215.494247,92.461151,84.835770
398,3.316667,0.001623,0.931474,0.037748,0.361840,-215.495758,92.516174,84.857674
399,3.325000,0.001769,0.931441,0.037113,0.361990,-215.492004,92.576218,84.872513
400,3.333333,0.005317,0.931402,0.034776,0.362289,-215.492599,92.646828,84.882278
401,3.341667,0.004866,0.931334,0.034733,0.362474,-215.492004,92.701881,84.892685
402,3.350000,0.004776,0.931149,0.037114,0.362713,-215.511871,92.763512,84.904999
403,3.358333,0.002181,0.931043,0.037818,0.362938,-215.511398,92.830795,84.928543
404,3.366667,0.002158,0.931162,0.037701,0.362644,-215.501862,92.866753,84.929543
405,3.375000,0.001920,0.931277,0.037353,0.362387,-215.494568,92.907509,84.939400
406,3.383333,0.001938,0.931428,0.036563,0.362078,-215.487885,92.963280,84.949234
407,3.391667,0.002496,0.931611,0.039021,0.361347,-215.487762,93.042656,84.954048
408,3.400000,0.001329,0.931564,0.038013,0.361583,-215.490479,93.117859,84.949043
409,3.408333,0.000882,0.931459,0.037438,0.361915,-215.492126,93.175385,84.946648
410,3.416667,0.003595,0.931264,0.035105,0.362632,-215.503067,93.247849,84.937233
411,3.425000,0.003081,0.931323,0.034780,0.362518,-215.501907,93.300644,84.935402
412,3.433333,0.002679,0.931399,0.034555,0.362347,-215.495926,93.352776,84.938644
413,3.441667,0.000664,0.931340,0.034141,0.362547,-215.494247,93.420120,84.952644
414,3.450000,0.001368,0.931586,0.033770,0.361947,-215.480042,93.458580,84.955147
415,3.458333,0.001453,0.931687,0.033162,0.361743,-215.470703,93.500671,84.956604
416,3.466667,0.001503,0.931799,0.032747,0.361491,-215.465469,93.541321,84.958099
417,3.475000,0.001712,0.931785,0.032273,0.361569,-215.466309,93.584915,84.956482
418,3.483333,0.000579,0.931796,0.031893,0.361577,-215.469498,93.641037,84.953423
419,3.491667,0.000705,0.931794,0.034795,0.361314,-215.472061,93.705025,84.958290
420,3.500000,0.000404,0.931754,0.035153,0.361384,-215.466782,93.757698,84.961800
421,3.508333,0.002789,0.931613,0.032766,0.361961,-215.464523,93.825256,84.959320
422,3.516667,0.002410,0.931775,0.031898,0.361625,-215.454956,93.880783,84.962425
423,3.525000,0.000238,0.931595,0.031232,0.362155,-215.460129,93.951851,84.976791
424,3.533333,0.000580,0.931712,0.030620,0.361904,-215.455460,93.994781,84.969429
425,3.541667,0.000519,0.931711,0.030121,0.361949,-215.454437,94.035271,84.962631
426,3.550000,0.000066,0.931744,0.029579,0.361908,-215.457611,94.082001,84.953117
427,3.558333,-0.001412,0.931732,0.028419,0.362030,-215.461258,94.140404,84.936058
428,3.566667,-0.001592,0.931804,0.027747,0.361896,-215.457443,94.192467,84.931847
429,3.575000,-0.001836,0.931875,0.027471,0.361734,-215.451096,94.248268,84.929649
430,3.583333,-0.001598,0.931897,0.027111,0.361706,-215.442520,94.309143,84.927498
431,3.591667,0.000826,0.931879,0.027703,0.361710,-215.445679,94.391487,84.917595
432,3.600000,-0.000882,0.931672,0.027190,0.362280,-215.450546,94.458328,84.926491
433,3.608333,-0.001354,0.931600,0.026675,0.362503,-215.451172,94.502991,84.927887
434,3.616667,-0.002912,0.931721,0.025228,0.362285,-215.452667,94.552780,84.909241
435,3.625000,-0.003465,0.931749,0.024235,0.362277,-215.454193,94.592590,84.894524
436,3.633333,-0.003582,0.931768,0.023821,0.362255,-215.451233,94.625359,84.891357
437,3.641667,-0.004588,0.931928,0.023012,0.361884,-215.444778,94.667000,84.885338
438,3.650000,-0.005071,0.931976,0.022483,0.361785,-215.440491,94.706123,84.883705
439,3.658333,-0.005371,0.932009,0.021802,0.361738,-215.434723,94.748184,84.881889
440,3.666667,-0.005408,0.932036,0.021262,0.361702,-215.428665,94.789642,84.881187
441,3.675000,-0.005345,0.932086,0.020914,0.361594,-215.423752,94.832443,84.878006
442,3.683333,-0.002574,0.931841,0.018915,0.362364,-215.427811,94.889420,84.864685
443,3.691667,-0.002980,0.931911,0.018563,0.362199,-215.427261,94.927040,84.859398
444,3.700000,-0.005099,0.931740,0.018144,0.362637,-215.433380,94.976234,84.863884
445,3.708333,-0.005985,0.931708,0.017699,0.362729,-215.433762,95.011017,84.860558
446,3.716667,-0.005634,0.932109,0.019786,0.361594,-215.430023,95.049347,84.841171
447,3.725000,-0.005746,0.932188,0.019814,0.361387,-215.427353,95.078964,84.832237
448,3.733333,-0.006083,0.932163,0.019241,0.361477,-215.425690,95.107750,84.830193
449,3.741667,-0.006562,0.932245,0.018777,0.361281,-215.420486,95.136032,84.821526
450,3.750000,-0.006425,0.932332,0.018825,0.361056,-215.413193,95.156319,84.817886
451,3.758333,-0.006008,0.932353,0.018884,0.361005,-215.405106,95.173386,84.816399
452,3.766667,-0.005600,0.932392,0.018766,0.360917,-215.397003,95.192886,84.819168
453,3.775000,-0.005521,0.932418,0.018640,0.360858,-215.390137,95.211662,84.824249
454,3.783333,-0.005536,0.932466,0.018342,0.360749,-215.383057,95.232071,84.829620
455,3.791667,-0.005566,0.932495,0.018265,0.360678,-215.378281,95.251274,84.834709
456,3.800000,-0.005703,0.932455,0.018116,0.360786,-215.373825,95.272537,84.837166
457,3.808333,-0.005832,0.932405,0.018068,0.360917,-215.370209,95.296013,84.835915
458,3.816667,-0.005922,0.932398,0.017888,0.360942,-215.370422,95.324036,84.829620
459,3.825000,-0.006204,0.932407,0.017899,0.360913,-215.370209,95.349571,84.823242
460,3.833333,-0.006236,0.932431,0.017351,0.360877,-215.370529,95.375832,84.820923
461,3.841667,-0.006290,0.932454,0.016814,0.360843,-215.368683,95.402756,84.816841
462,3.850000,-0.003912,0.932213,0.014818,0.361586,-215.374069,95.442642,84.807175
463,3.858333,-0.003831,0.932241,0.014527,0.361527,-215.368729,95.460068,84.809319
464,3.866667,-0.003797,0.932271,0.014714,0.361443,-215.364258,95.475716,84.808441
465,3.875000,-0.003741,0.932295,0.014865,0.361374,-215.361237,95.489624,84.811600
466,3.883333,-0.005092,0.932065,0.015132,0.361939,-215.365311,95.520981,84.827713
467,3.891667,-0.004822,0.932063,0.015276,0.361943,-215.361877,95.541794,84.830162
468,3.900000,-0.005068,0.932183,0.015349,0.361626,-215.356491,95.567352,84.829994
469,3.908333,-0.004665,0.932438,0.015252,0.360977,-215.344147,95.587204,84.818390
470,3.916667,-0.004343,0.932557,0.015080,0.360681,-215.338654,95.611366,84.814247
471,3.925000,-0.004281,0.932675,0.017583,0.360264,-215.341736,95.651741,84.807899
472,3.933333,-0.005088,0.932651,0.017651,0.360313,-215.344055,95.680145,84.801346
473,3.941667,-0.005515,0.932526,0.017167,0.360651,-215.347748,95.696190,84.796570
474,3.950000,-0.005649,0.932359,0.017236,0.361079,-215.353653,95.707542,84.796547
475,3.958333,-0.005785,0.932379,0.017223,0.361025,-215.352249,95.720116,84.797981
476,3.966667,-0.005979,0.932442,0.017147,0.360863,-215.347168,95.735191,84.798904
477,3.975000,-0.006242,0.932483,0.016911,0.360763,-215.342499,95.752357,84.800262
478,3.983333,-0.006951,0.932576,0.016001,0.360553,-215.339493,95.770378,84.803917
479,3.991667,-0.006729,0.932365,0.016750,0.361067,-215.341400,95.788879,84.796593
480,4.000000,-0.006672,0.932404,0.016594,0.360976,-215.343048,95.800385,84.803185
481,4.008333,-0.007057,0.932535,0.016584,0.360629,-215.336655,95.816574,84.792236
482,4.016667,-0.007094,0.932381,0.016475,0.361032,-215.344193,95.828423,84.803429
483,4.025000,-0.007345,0.932379,0.016327,0.361039,-215.333649,95.854080,84.796257
484,4.033333,-0.008321,0.932673,0.014914,0.360319,-215.319580,95.891502,84.783104
485,4.041667,-0.008474,0.932720,0.014092,0.360226,-215.309113,95.936188,84.766502
486,4.050000,-0.007445,0.932529,0.011748,0.360828,-215.301544,96.028038,84.759605
487,4.058333,-0.006982,0.932543,0.010786,0.360829,-215.275818,96.105537,84.751373
488,4.066667,-0.007238,0.932985,0.009820,0.359709,-215.237549,96.174408,84.728630
489,4.075000,-0.007851,0.933061,0.009534,0.359507,-215.219620,96.226456,84.716827
490,4.083333,-0.010142,0.933155,0.008593,0.359229,-215.191833,96.286987,84.719986
491,4.091667,-0.010730,0.933334,0.007600,0.358769,-215.172226,96.326164,84.718445
492,4.100000,-0.010099,0.933674,0.009058,0.357868,-215.169403,96.373177,84.707108
493,4.108333,-0.009453,0.933749,0.008739,0.357697,-215.165955,96.404556,84.698349
494,4.116667,-0.009505,0.933771,0.008394,0.357647,-215.169601,96.432434,84.690277
495,4.125000,-0.009908,0.933693,0.008025,0.357849,-215.177460,96.459267,84.681877
496,4.133333,-0.011388,0.933619,0.007731,0.358003,-215.169861,96.496742,84.683456
497,4.141667,-0.011278,0.933492,0.007120,0.358350,-215.181610,96.519531,84.677254
498,4.150000,-0.011443,0.933458,0.006457,0.358446,-215.189194,96.537064,84.666428
499,4.158333,-0.013026,0.933170,0.005699,0.359153,-215.201614,96.567001,84.671959
500,4.166667,-0.013760,0.933121,0.005355,0.359260,-215.204147,96.582100,84.669815
501,4.175000,-0.011923,0.932877,0.003645,0.359979,-215.212296,96.610336,84.659119
502,4.183333,-0.011603,0.932899,0.003342,0.359936,-215.213516,96.623405,84.656647
503,4.191667,-0.011602,0.932901,0.003226,0.359931,-215.215775,96.628784,84.654877
504,4.200000,-0.011614,0.932891,0.003239,0.359957,-215.220001,96.632942,84.655342
505,4.208333,-0.011483,0.932862,0.003217,0.360036,-215.221863,96.631912,84.654694
506,4.216667,-0.011605,0.932875,0.003293,0.359997,-215.220016,96.625420,84.656013
507,4.225000,-0.011377,0.932874,0.003331,0.360007,-215.219330,96.621620,84.657898
508,4.233333,-0.011519,0.932891,0.003428,0.359958,-215.218262,96.619232,84.661354
509,4.241667,-0.011445,0.932891,0.003493,0.359960,-215.218170,96.619644,84.661995
510,4.250000,-0.011548,0.932878,0.003441,0.359991,-215.217117,96.622261,84.659752
511,4.258333,-0.011702,0.932873,0.003255,0.360002,-215.215942,96.626404,84.658669
512,4.266667,-0.011724,0.932894,0.003139,0.359947,-215.214783,96.629082,84.658295
513,4.275000,-0.011611,0.932888,0.003168,0.359966,-215.212982,96.629211,84.656975
514,4.283333,-0.011593,0.932940,0.003382,0.359829,-215.211365,96.624115,84.659172
515,4.291667,-0.011423,0.932899,0.003478,0.359940,-215.212036,96.622528,84.657516
516,4.300000,-0.011486,0.932917,0.003451,0.359892,-215.212601,96.621552,84.657227
517,4.308333,-0.011443,0.932876,0.003367,0.360000,-215.215347,96.623795,84.655449
518,4.316667,-0.011466,0.932862,0.003268,0.360036,-215.217880,96.627464,84.655045
519,4.325000,-0.011394,0.932902,0.003258,0.359935,-215.219360,96.628418,84.655495
520,4.333333,-0.011402,0.932894,0.003392,0.359955,-215.218994,96.626167,84.655128
521,4.341667,-0.011293,0.932911,0.003386,0.359915,-215.219711,96.623528,84.656296
522,4.350000,-0.011381,0.932899,0.003359,0.359942,-215.221069,96.621803,84.657387
523,4.358333,-0.011424,0.932893,0.003374,0.359956,-215.222122,96.622978,84.657982
524,4.366667,-0.011435,0.932874,0.003366,0.360005,-215.222351,96.624046,84.658745
525,4.375000,-0.011489,0.932867,0.003260,0.360023,-215.221664,96.626358,84.658714
526,4.383333,-0.011472,0.932884,0.003237,0.359979,-215.220993,96.627197,84.659836
527,4.391667,-0.011443,0.932899,0.003301,0.359942,-215.219254,96.626259,84.659943
528,4.400000,-0.011462,0.932901,0.003462,0.359933,-215.216858,96.624031,84.661011
529,4.408333,-0.013806,0.933190,0.004998,0.359083,-215.207581,96.607300,84.670090
530,4.416667,-0.012008,0.932974,0.003793,0.359724,-215.212601,96.620354,84.661606
531,4.425000,-0.011513,0.932943,0.003509,0.359823,-215.211563,96.622948,84.661148
532,4.433333,-0.011482,0.932935,0.003509,0.359844,-215.210907,96.625839,84.659317
533,4.441667,-0.011469,0.932922,0.003416,0.359879,-215.212036,96.627419,84.658775
534,4.450000,-0.011578,0.932923,0.003493,0.359874,-215.212540,96.626678,84.657410
535,4.458333,-0.011441,0.932922,0.003480,0.359880,-215.213562,96.625656,84.657127
536,4.466667,-0.011142,0.932916,0.003402,0.359907,-215.215347,96.624237,84.657135
537,4.475000,-0.011153,0.932909,0.003602,0.359921,-215.216309,96.623116,84.657333
538,4.483333,-0.011122,0.932874,0.003499,0.360015,-215.218231,96.624115,84.657486
539,4.491667,-0.011287,0.932900,0.003520,0.359941,-215.218262,96.623833,84.656891
540,4.500000,-0.011457,0.932893,0.003515,0.359955,-215.218567,96.623245,84.657372
541,4.508333,-0.011396,0.932893,0.003524,0.359955,-215.218185,96.623085,84.657578
542,4.516667,-0.011361,0.932893,0.003615,0.359956,-215.216782,96.622078,84.658783
543,4.525000,-0.011334,0.932929,0.003638,0.359863,-215.215271,96.621635,84.660774
544,4.533333,-0.011295,0.932903,0.003500,0.359934,-215.214539,96.622696,84.659348
545,4.541667,-0.011242,0.932908,0.003439,0.359923,-215.213486,96.621841,84.660774
546,4.550000,-0.011262,0.932908,0.003477,0.359923,-215.211700,96.622452,84.661293
547,4.558333,-0.011370,0.932911,0.003624,0.359909,-215.210541,96.622360,84.660522
548,4.566667,-0.011557,0.932922,0.003553,0.359876,-215.211578,96.622879,84.660912
549,4.575000,-0.011483,0.932927,0.003510,0.359865,-215.212204,96.623055,84.659004
550,4.583333,-0.011479,0.932931,0.003556,0.359855,-215.212708,96.622650,84.658417
551,4.591667,-0.011431,0.932912,0.003538,0.359906,-215.214417,96.623627,84.657570
552,4.600000,-0.011427,0.932914,0.003559,0.359901,-215.215988,96.623680,84.655396
553,4.608333,-0.011238,0.932895,0.003500,0.359957,-215.218185,96.624191,84.655685
554,4.616667,-0.011302,0.932890,0.003441,0.359968,-215.217636,96.622536,84.655434
555,4.625000,-0.011202,0.932900,0.003537,0.359943,-215.219070,96.621582,84.655640
556,4.633333,-0.011329,0.932909,0.003538,0.359916,-215.219803,96.621704,84.655830
557,4.641667,-0.011431,0.932905,0.003572,0.359924,-215.218994,96.621468,84.655403
558,4.650000,-0.011572,0.932895,0.003431,0.359947,-215.219498,96.623520,84.655914
559,4.658333,-0.011644,0.932883,0.003253,0.359975,-215.218811,96.626221,84.655151
560,4.666667,-0.011568,0.932883,0.003401,0.359977,-215.218170,96.626511,84.656113
561,4.675000,-0.011573,0.932902,0.003471,0.359927,-215.215652,96.626259,84.656975
562,4.683333,-0.011525,0.932892,0.003497,0.359956,-215.213394,96.624596,84.655640
563,4.691667,-0.011413,0.932938,0.003515,0.359840,-215.212631,96.623924,84.657410
564,4.700000,-0.011461,0.932932,0.003568,0.359852,-215.211609,96.624222,84.656998
565,4.708333,-0.011510,0.932905,0.003408,0.359922,-215.211243,96.626534,84.657623
566,4.716667,-0.011514,0.932895,0.003291,0.359949,-215.210632,96.628494,84.657639
567,4.725000,-0.011598,0.932904,0.003326,0.359922,-215.210312,96.628418,84.658394
568,4.733333,-0.011582,0.932913,0.003303,0.359900,-215.211563,96.630692,84.658844
569,4.741667,-0.011602,0.932922,0.003203,0.359878,-215.213638,96.634598,84.659508
570,4.750000,-0.011739,0.932915,0.002993,0.359893,-215.215561,96.638611,84.661049
571,4.758333,-0.011922,0.932877,0.002792,0.359987,-215.218185,96.644119,84.661209
572,4.766667,-0.011371,0.933121,0.002618,0.359372,-215.214020,96.646561,84.647957
573,4.775000,-0.010743,0.933236,0.002493,0.359095,-215.218094,96.649529,84.645882
574,4.783333,-0.010488,0.933239,0.002438,0.359095,-215.223434,96.654305,84.649788
575,4.791667,-0.010441,0.933189,0.002161,0.359228,-215.230209,96.659973,84.657356
576,4.800000,-0.010799,0.933139,0.001967,0.359348,-215.238495,96.661339,84.669785
577,4.808333,-0.013709,0.933060,0.002997,0.359448,-215.251450,96.651039,84.715584
578,4.816667,-0.010921,0.933151,0.004897,0.359285,-215.282516,96.671387,84.748810
579,4.825000,-0.009446,0.933190,0.005684,0.359215,-215.295700,96.645218,84.776894
580,4.833333,-0.008486,0.932956,0.004096,0.359868,-215.309052,96.596191,84.819023
581,4.841667,-0.010338,0.932878,0.004440,0.360016,-215.324997,96.538345,84.861633
582,4.850000,-0.010545,0.932470,0.003866,0.361072,-215.334396,96.509598,84.912598
583,4.858333,-0.010797,0.932111,0.003809,0.361991,-215.363556,96.492538,84.944725
584,4.866667,-0.010628,0.932294,0.007234,0.361474,-215.422699,96.497604,84.955780
585,4.875000,-0.010548,0.932162,0.007694,0.361805,-215.480896,96.479767,84.974068
586,4.883333,-0.011062,0.931901,0.007633,0.362463,-215.519974,96.466377,85.006081
587,4.891667,-0.010681,0.931617,0.007884,0.363198,-215.573456,96.445808,85.040558
588,4.900000,-0.010269,0.931078,0.008516,0.364576,-215.642975,96.419098,85.081573
589,4.908333,-0.010207,0.930962,0.008346,0.364877,-215.704483,96.393837,85.114174
590,4.916667,-0.012057,0.930621,0.006888,0.365722,-215.759232,96.362587,85.180351
591,4.925000,-0.012097,0.930138,0.004910,0.366977,-215.829346,96.344017,85.222839
592,4.933333,-0.012868,0.929692,0.004928,0.368081,-215.907593,96.328072,85.258469
593,4.941667,-0.014526,0.929360,0.004915,0.368857,-215.976303,96.330910,85.287758
594,4.950000,-0.015596,0.929043,0.004447,0.369615,-216.055176,96.326958,85.316483
595,4.958333,-0.014760,0.928319,0.004481,0.371464,-216.151184,96.291603,85.372856
596,4.966667,-0.013455,0.927893,0.005063,0.372571,-216.224747,96.252571,85.417030
597,4.975000,-0.012286,0.927535,0.005315,0.373496,-216.302139,96.214470,85.465439
598,4.983333,-0.013147,0.927833,0.008847,0.372659,-216.370468,96.217560,85.518379
599,4.991667,-0.011189,0.927463,0.006098,0.373698,-216.442444,96.185493,85.576698
600,5.000000,-0.010871,0.926691,0.004037,0.375646,-216.520737,96.158318,85.629395
601,5.008333,-0.011051,0.926052,0.004149,0.377211,-216.611145,96.155876,85.678413
602,5.016667,-0.012046,0.925533,0.003870,0.378456,-216.688751,96.162598,85.732918
603,5.025000,-0.011598,0.925134,0.003379,0.379448,-216.784805,96.149345,85.770302
604,5.033333,-0.011201,0.924805,0.002800,0.380266,-216.876678,96.138336,85.809151
605,5.041667,-0.011491,0.924343,0.001501,0.381386,-216.979340,96.139221,85.860237
606,5.050000,-0.015239,0.924008,-0.000401,0.382069,-217.060516,96.176720,85.925339
607,5.058333,-0.015048,0.923411,-0.000078,0.383519,-217.155746,96.196022,85.990295
608,5.066667,-0.014177,0.922895,-0.000141,0.384792,-217.247726,96.207695,86.028297
609,5.075000,-0.013208,0.922470,-0.001194,0.385841,-217.341095,96.213539,86.065445
610,5.083333,-0.010420,0.921663,-0.003819,0.387833,-217.449310,96.233742,86.095558
611,5.091667,-0.012405,0.921087,-0.006593,0.389104,-217.545776,96.273438,86.149284
612,5.100000,-0.015465,0.920306,-0.008431,0.390803,-217.634995,96.316170,86.207893
613,5.108333,-0.015037,0.919896,-0.008079,0.391791,-217.731735,96.332840,86.274643
614,5.116667,-0.015827,0.919641,-0.008488,0.392349,-217.833405,96.341881,86.307808
615,5.125000,-0.015278,0.919143,-0.008484,0.393536,-217.940445,96.339966,86.336723
616,5.133333,-0.016435,0.918611,-0.009534,0.394707,-218.041733,96.354202,86.380661
617,5.141667,-0.017723,0.918108,-0.010471,0.395795,-218.145874,96.363747,86.424698
618,5.150000,-0.019053,0.917373,-0.011344,0.397410,-218.243118,96.365425,86.464752
619,5.158333,-0.018524,0.916907,-0.010842,0.398523,-218.336197,96.361389,86.508133
620,5.166667,-0.021833,0.916816,-0.011834,0.398538,-218.468384,96.385231,86.527603
621,5.175000,-0.025004,0.916527,-0.012526,0.398994,-218.588440,96.395508,86.552353
622,5.183333,-0.022870,0.915621,-0.012236,0.401206,-218.694977,96.350266,86.601654
623,5.191667,-0.020284,0.914771,-0.012507,0.403270,-218.795990,96.307961,86.657646
624,5.200000,-0.019929,0.914077,-0.013384,0.404829,-218.903107,96.281120,86.693268
625,5.208333,-0.019102,0.913233,-0.013941,0.406751,-219.011215,96.243889,86.727867
626,5.216667,-0.018831,0.912908,-0.012692,0.407534,-219.130127,96.230789,86.757751
627,5.225000,-0.019088,0.912513,-0.012493,0.408412,-219.248718,96.216621,86.794266
628,5.233333,-0.019159,0.911933,-0.012130,0.409713,-219.369171,96.185059,86.823845
629,5.241667,-0.018473,0.911346,-0.012380,0.411039,-219.489456,96.150818,86.849281
630,5.250000,-0.019644,0.910421,-0.013425,0.412998,-219.613907,96.124283,86.893639
631,5.258333,-0.020583,0.909652,-0.014255,0.414615,-219.718048,96.104721,86.922142
632,5.266667,-0.020876,0.908943,-0.014621,0.416141,-219.833542,96.078300,86.954544
633,5.275000,-0.020852,0.908662,-0.013129,0.416806,-219.950943,96.063141,86.979500
634,5.283333,-0.018209,0.908236,-0.012393,0.417878,-220.048004,96.012878,87.018356
635,5.291667,-0.018083,0.907609,-0.012309,0.419246,-220.156265,95.989365,87.041679
636,5.300000,-0.017436,0.907262,-0.012559,0.420016,-220.270798,95.963585,87.078636
637,5.308333,-0.017881,0.906546,-0.013551,0.421511,-220.389557,95.930679,87.109299
638,5.316667,-0.018444,0.905606,-0.014369,0.423475,-220.512360,95.902435,87.148399
639,5.325000,-0.017293,0.905307,-0.011734,0.424244,-220.637177,95.877380,87.175140
640,5.333333,-0.017359,0.904428,-0.011618,0.426116,-220.760437,95.843353,87.193230
641,5.341667,-0.017630,0.903680,-0.012732,0.427655,-220.895508,95.811714,87.217789
642,5.350000,-0.018042,0.902986,-0.012734,0.429103,-221.022888,95.781555,87.234535
643,5.358333,-0.015821,0.901681,-0.014017,0.431886,-221.169449,95.784645,87.250252
644,5.366667,-0.014828,0.901234,-0.015922,0.432786,-221.296234,95.746521,87.284103
645,5.375000,-0.014936,0.900281,-0.016405,0.434744,-221.430084,95.713127,87.298851
646,5.383333,-0.015345,0.899924,-0.014338,0.435541,-221.571060,95.709854,87.332848
647,5.391667,-0.016133,0.899012,-0.014453,0.437387,-221.703430,95.684311,87.352776
648,5.400000,-0.017009,0.898342,-0.015833,0.438681,-221.840973,95.661522,87.367775
649,5.408333,-0.018806,0.897265,-0.017008,0.440763,-221.981018,95.638344,87.385368
650,5.416667,-0.020132,0.896325,-0.017098,0.442610,-222.119827,95.617142,87.402634
651,5.425000,-0.015161,0.895856,-0.015367,0.443820,-222.229141,95.529106,87.450539
652,5.433333,-0.015311,0.895284,-0.012968,0.445044,-222.365982,95.514000,87.464409
653,5.441667,-0.014610,0.895160,-0.013292,0.445307,-222.490875,95.491127,87.490105
654,5.450000,-0.014937,0.894182,-0.013374,0.447254,-222.627884,95.465889,87.501129
655,5.458333,-0.014443,0.893741,-0.013757,0.448139,-222.761108,95.434326,87.504944
656,5.466667,-0.014694,0.892913,-0.015617,0.449718,-222.889542,95.397964,87.519608
657,5.475000,-0.014814,0.891970,-0.013748,0.451642,-223.035858,95.372551,87.533600
658,5.483333,-0.015081,0.891146,-0.015515,0.453201,-223.162598,95.330528,87.566681
659,5.491667,-0.014938,0.890487,-0.012363,0.454595,-223.312561,95.304695,87.572060
660,5.500000,-0.016107,0.889581,-0.014221,0.456271,-223.442490,95.279655,87.583710
661,5.508333,-0.016281,0.888699,-0.015633,0.457936,-223.576691,95.248680,87.584305
662,5.516667,-0.016110,0.888242,-0.013919,0.458882,-223.710724,95.233978,87.578812
663,5.525000,-0.016331,0.887840,-0.014384,0.459638,-223.831131,95.222542,87.592682
664,5.533333,-0.016122,0.886985,-0.013483,0.461320,-223.969101,95.181503,87.592552
665,5.541667,-0.016280,0.886406,-0.013503,0.462426,-224.093536,95.145302,87.597519
666,5.550000,-0.017112,0.885508,-0.013745,0.464105,-224.226837,95.117409,87.605492
667,5.558333,-0.017011,0.884296,-0.015042,0.466375,-224.354523,95.072334,87.627037
668,5.566667,-0.017310,0.883638,-0.015832,0.467583,-224.478622,95.036034,87.641922
669,5.575000,-0.016755,0.882636,-0.015336,0.469508,-224.615692,94.992332,87.636719
670,5.583333,-0.016185,0.882143,-0.014636,0.470475,-224.738052,94.953415,87.647194
671,5.591667,-0.015637,0.881373,-0.014291,0.471946,-224.882797,94.912354,87.638023
672,5.600000,-0.015446,0.880680,-0.014447,0.473239,-225.012085,94.880226,87.635643
673,5.608333,-0.016303,0.879607,-0.015523,0.475169,-225.155472,94.857048,87.644516
674,5.616667,-0.016081,0.878696,-0.015596,0.476855,-225.302032,94.824158,87.640045
675,5.625000,-0.012874,0.878172,-0.013530,0.477980,-225.453323,94.841133,87.643883
676,5.633333,-0.012119,0.877307,-0.012648,0.479610,-225.592560,94.803497,87.640450
677,5.641667,-0.011902,0.876348,-0.015297,0.481289,-225.723083,94.743370,87.641052
678,5.650000,-0.011893,0.875413,-0.015413,0.482984,-225.849823,94.707397,87.632782
679,5.658333,-0.011615,0.874619,-0.015769,0.484416,-225.979691,94.674538,87.627983
680,5.666667,-0.012867,0.873807,-0.015287,0.485862,-226.124603,94.638588,87.627480
681,5.675000,-0.012718,0.873273,-0.013136,0.486888,-226.262833,94.618240,87.622902
682,5.683333,-0.012665,0.872220,-0.013784,0.488756,-226.397888,94.579735,87.619812
683,5.691667,-0.012755,0.871863,-0.011876,0.489439,-226.521652,94.560295,87.600693
684,5.700000,-0.011813,0.871025,-0.012968,0.490925,-226.642654,94.516060,87.588951
685,5.708333,-0.012281,0.870392,-0.011090,0.492081,-226.755341,94.501366,87.578270
686,5.716667,-0.012265,0.869735,-0.011394,0.493235,-226.861603,94.479523,87.561966
687,5.725000,-0.011667,0.868848,-0.011119,0.494816,-226.989105,94.439026,87.536819
688,5.733333,-0.012453,0.868413,-0.010953,0.495564,-227.079056,94.416092,87.522995
689,5.741667,-0.011463,0.867594,-0.010548,0.497028,-227.185898,94.378540,87.503838
690,5.750000,-0.011339,0.866704,-0.010107,0.498592,-227.299377,94.339790,87.483971
691,5.758333,-0.011957,0.866305,-0.010161,0.499270,-227.377457,94.316177,87.472740
692,5.766667,-0.012134,0.865736,-0.009925,0.500256,-227.474564,94.287834,87.453415
693,5.775000,-0.012129,0.864955,-0.009060,0.501621,-227.572800,94.250328,87.429901
694,5.783333,-0.012022,0.864605,-0.009117,0.502226,-227.657776,94.215965,87.414154
695,5.791667,-0.011631,0.863985,-0.008968,0.503302,-227.751877,94.173340,87.393745
696,5.800000,-0.011501,0.863239,-0.007697,0.504605,-227.840210,94.124947,87.374138
697,5.808333,-0.011323,0.862949,-0.007223,0.505113,-227.929382,94.087128,87.358269
698,5.816667,-0.010730,0.862263,-0.006739,0.506302,-228.035767,94.041183,87.333366
699,5.825000,-0.011208,0.861960,-0.006134,0.506816,-228.112030,94.007858,87.320724
700,5.833333,-0.010688,0.861160,-0.005972,0.508186,-228.202393,93.971542,87.300018
701,5.841667,-0.010433,0.860568,-0.005649,0.509197,-228.298447,93.933090,87.273933
702,5.850000,-0.010489,0.860168,-0.005417,0.509874,-228.370789,93.906944,87.254326
703,5.858333,-0.009476,0.860016,-0.004884,0.510157,-228.454712,93.890755,87.252060
704,5.866667,-0.009553,0.859411,-0.003908,0.511182,-228.554413,93.856552,87.227997
705,5.875000,-0.009867,0.858833,-0.003377,0.512149,-228.657669,93.825058,87.206024
706,5.883333,-0.009946,0.858066,-0.002885,0.513434,-228.754776,93.798836,87.192360
707,5.891667,-0.010543,0.857422,-0.002958,0.514497,-228.844269,93.783661,87.172958
708,5.900000,-0.010533,0.856640,-0.002603,0.515801,-228.927612,93.762283,87.155426
709,5.908333,-0.010267,0.855690,-0.002549,0.517380,-229.026703,93.743828,87.135269
710,5.916667,-0.010094,0.855786,-0.003155,0.517222,-229.087143,93.727692,87.128128
711,5.925000,-0.009952,0.855234,-0.003285,0.518137,-229.177261,93.707916,87.107132
712,5.933333,-0.009596,0.854685,-0.003263,0.519048,-229.259964,93.690605,87.092918
713,5.941667,-0.009567,0.854023,-0.003788,0.520133,-229.338760,93.684296,87.090416
714,5.950000,-0.005694,0.852713,-0.005228,0.522323,-229.440826,93.683449,87.059616
715,5.958333,-0.005878,0.852364,-0.005151,0.522890,-229.529816,93.663651,87.042374
716,5.966667,-0.006430,0.851315,-0.005494,0.524587,-229.632431,93.651878,87.021996
717,5.975000,-0.006714,0.851092,-0.005549,0.524945,-229.702576,93.638863,87.016884
718,5.983333,-0.006318,0.849947,-0.004225,0.526813,-229.806992,93.609154,86.992668
719,5.991667,-0.005067,0.848995,-0.002996,0.528368,-229.907959,93.580330,86.975693
720,6.000000,-0.006397,0.849579,-0.005613,0.527393,-229.959534,93.579414,86.972656
721,6.008333,-0.007025,0.848633,-0.005424,0.528908,-230.050278,93.561188,86.947784
722,6.016667,-0.007996,0.847741,-0.006043,0.530316,-230.144501,93.555199,86.935143
723,6.025000,-0.008658,0.846855,-0.004514,0.531735,-230.246353,93.557121,86.922333
724,6.033333,-0.008794,0.846928,-0.004793,0.531613,-230.326340,93.542809,86.918411
725,6.041667,-0.009706,0.846244,-0.004614,0.532688,-230.422852,93.526924,86.887939
726,6.050000,-0.009692,0.846103,-0.004341,0.532913,-230.487915,93.513016,86.875191
727,6.058333,-0.009832,0.845151,-0.004041,0.534423,-230.569412,93.491577,86.852646
728,6.066667,-0.009619,0.844966,-0.004291,0.534716,-230.636856,93.475403,86.845497
729,6.075000,-0.009464,0.843991,-0.004429,0.536256,-230.734756,93.456772,86.816284
730,6.083333,-0.009632,0.844374,-0.004639,0.535648,-230.787949,93.451637,86.800468
731,6.091667,-0.009144,0.843219,-0.003721,0.537479,-230.881363,93.429878,86.774040
732,6.100000,-0.009548,0.843145,-0.003985,0.537587,-230.942505,93.417671,86.764786
733,6.108333,-0.009287,0.842532,-0.004030,0.538552,-231.019562,93.397423,86.748444
734,6.116667,-0.009267,0.841429,-0.003819,0.540275,-231.124924,93.372154,86.722458
735,6.125000,-0.009548,0.840030,-0.002583,0.542450,-231.227615,93.342819,86.699875
736,6.133333,-0.010320,0.840607,-0.003292,0.541537,-231.267136,93.339394,86.698669
737,6.141667,-0.010437,0.840357,-0.003391,0.541922,-231.334167,93.324333,86.680267
738,6.150000,-0.010167,0.839129,-0.003063,0.543829,-231.440903,93.298653,86.649315
739,6.158333,-0.009349,0.837801,-0.002567,0.545890,-231.532883,93.270256,86.622330
740,6.166667,-0.007029,0.838484,-0.004659,0.544861,-231.565979,93.282181,86.615929
741,6.175000,-0.006246,0.838168,-0.005030,0.545354,-231.629013,93.274773,86.596260
742,6.183333,-0.005414,0.836878,-0.004619,0.547343,-231.715851,93.250854,86.566025
743,6.191667,-0.004625,0.835615,-0.003550,0.549284,-231.802277,93.217407,86.540031
744,6.200000,-0.006640,0.836895,-0.004856,0.547302,-231.808823,93.216957,86.546677
745,6.208333,-0.007428,0.836626,-0.005188,0.547699,-231.868317,93.200592,86.531372
746,6.216667,-0.007061,0.835048,-0.004396,0.550115,-231.963928,93.173920,86.496773
747,6.225000,-0.006151,0.833769,-0.001619,0.552076,-232.056854,93.143372,86.465393
748,6.233333,-0.005266,0.833430,-0.000362,0.552601,-232.122086,93.119423,86.442009
749,6.241667,-0.006180,0.834746,-0.002578,0.550595,-232.128571,93.122131,86.448685
750,6.250000,-0.006384,0.834314,-0.003647,0.551240,-232.190628,93.114143,86.447838
751,6.258333,-0.007124,0.833019,-0.004204,0.553183,-232.281799,93.097839,86.418709
752,6.266667,-0.006879,0.831887,-0.003533,0.554891,-232.363434,93.071465,86.389534
753,6.275000,-0.006905,0.832158,-0.003487,0.554485,-232.409500,93.048607,86.378296
754,6.283333,-0.006659,0.831180,-0.002466,0.555958,-232.505661,93.005959,86.336716
755,6.291667,-0.006070,0.830144,-0.001745,0.557514,-232.615417,92.952248,86.297661
756,6.300000,-0.006312,0.830407,-0.001320,0.557120,-232.674988,92.896423,86.286278
757,6.308333,-0.005369,0.829072,0.000034,0.559117,-232.794312,92.834274,86.238876
758,6.316667,-0.004949,0.827856,0.001367,0.560918,-232.913544,92.776398,86.192055
759,6.325000,-0.004144,0.826729,0.002852,0.562578,-233.032776,92.720657,86.136429
760,6.333333,-0.004168,0.825723,0.003277,0.564051,-233.158630,92.682816,86.076614
761,6.341667,-0.004322,0.824642,0.003696,0.565627,-233.273697,92.657242,86.013367
762,6.350000,-0.004749,0.823550,0.004232,0.567208,-233.392517,92.640816,85.966263
763,6.358333,-0.004759,0.822781,0.004465,0.568321,-233.508255,92.618126,85.921326
764,6.366667,-0.004421,0.822126,0.004849,0.569267,-233.631592,92.592766,85.867683
765,6.375000,-0.004263,0.821181,0.006057,0.570620,-233.757065,92.566750,85.812775
766,6.383333,-0.004457,0.820296,0.007763,0.571869,-233.892731,92.564590,85.750671
767,6.391667,-0.004382,0.819306,0.008257,0.573280,-234.016235,92.561493,85.692497
768,6.400000,-0.002544,0.817940,0.007455,0.575249,-234.138947,92.579544,85.623093
769,6.408333,-0.002292,0.816930,0.006303,0.576698,-234.244965,92.598053,85.565018
770,6.416667,-0.003147,0.816299,0.005284,0.577596,-234.351562,92.618103,85.511620
771,6.425000,-0.004192,0.815828,0.004321,0.578263,-234.447769,92.625015,85.472176
772,6.433333,-0.004658,0.815062,0.003989,0.579342,-234.540207,92.614761,85.435524
773,6.441667,-0.005367,0.814403,0.004411,0.580258,-234.626144,92.597519,85.396622
774,6.450000,-0.005374,0.814213,0.005114,0.580519,-234.710907,92.578514,85.354218
775,6.458333,-0.004842,0.813531,0.004976,0.581480,-234.785919,92.574158,85.315735
776,6.466667,-0.004075,0.812605,0.004677,0.582782,-234.852646,92.577553,85.276199
777,6.475000,-0.003691,0.812149,0.004172,0.583423,-234.920319,92.590996,85.239532
778,6.483333,-0.001094,0.811290,0.003154,0.584635,-234.990723,92.609695,85.194984
779,6.491667,-0.002067,0.810418,0.001796,0.585845,-235.065430,92.642807,85.172554
780,6.500000,-0.001828,0.809901,0.001834,0.586561,-235.121292,92.638344,85.148087
781,6.508333,-0.001681,0.809281,0.002046,0.587416,-235.175674,92.628654,85.124481
782,6.516667,-0.001225,0.809051,0.005487,0.587712,-235.225983,92.628151,85.100471
783,6.525000,-0.001776,0.808769,0.006838,0.588085,-235.275452,92.627884,85.074722
784,6.533333,-0.002433,0.808738,0.007079,0.588121,-235.324341,92.629395,85.049026
785,6.541667,-0.003430,0.808777,0.005961,0.588075,-235.372208,92.641251,85.027153
786,6.550000,-0.003429,0.808692,0.005473,0.588197,-235.409729,92.636093,85.001564
787,6.558333,-0.003109,0.808431,0.005403,0.588558,-235.447479,92.630676,84.984657
788,6.566667,-0.003262,0.808038,0.005050,0.589100,-235.478378,92.624550,84.973335
789,6.575000,-0.003153,0.807706,0.005508,0.589551,-235.506302,92.615692,84.966408
790,6.583333,-0.003029,0.807425,0.005822,0.589933,-235.528473,92.612877,84.958099
791,6.591667,-0.002670,0.807256,0.005652,0.590168,-235.542175,92.614540,84.946625
792,6.600000,-0.002525,0.807187,0.005329,0.590267,-235.547287,92.616562,84.938210
793,6.608333,-0.002345,0.807161,0.004909,0.590307,-235.549896,92.620621,84.930840
794,6.616667,-0.002134,0.807130,0.004670,0.590351,-235.550430,92.618095,84.927132
795,6.625000,-0.001656,0.807080,0.004442,0.590423,-235.545944,92.611893,84.923531
796,6.633333,-0.001341,0.807033,0.003862,0.590492,-235.533813,92.598511,84.912918
797,6.641667,-0.004352,0.806064,0.002589,0.591806,-235.523224,92.593613,84.904808
798,6.650000,-0.003280,0.805633,0.000735,0.592405,-235.498230,92.533287,84.892303
799,6.658333,-0.001487,0.805762,-0.000264,0.592238,-235.472839,92.507866,84.883995
800,6.666667,0.001624,0.805987,-0.000181,0.591932,-235.429977,92.476158,84.883667
801,6.675000,0.001028,0.805335,-0.001249,0.592817,-235.416245,92.490334,84.922485
802,6.683333,0.002417,0.805247,-0.000765,0.592934,-235.399628,92.490799,84.952637
803,6.691667,0.003679,0.805387,0.000509,0.592738,-235.388641,92.488953,84.977417
804,6.700000,0.005186,0.806105,0.001183,0.591749,-235.382431,92.482582,85.008812
805,6.708333,0.005952,0.806653,0.001796,0.590992,-235.386734,92.479607,85.036438
806,6.716667,0.006368,0.806560,0.002361,0.591113,-235.393311,92.475357,85.064201
807,6.725000,0.006994,0.806143,0.003180,0.591671,-235.398361,92.473373,85.099907
808,6.733333,0.009623,0.805631,0.005484,0.592314,-235.402512,92.462349,85.147202
809,6.741667,0.011307,0.805224,0.007261,0.592819,-235.413269,92.458611,85.200493
810,6.750000,0.012607,0.805474,0.008440,0.592438,-235.419418,92.456253,85.250214
811,6.758333,0.013072,0.806159,0.009876,0.591472,-235.430222,92.445518,85.311478
812,6.766667,0.014173,0.806576,0.011522,0.590848,-235.449677,92.429581,85.377052
813,6.775000,0.014833,0.806790,0.013252,0.590504,-235.471420,92.414185,85.434464
814,6.783333,0.015954,0.807525,0.015624,0.589410,-235.496384,92.397949,85.497597
815,6.791667,0.015110,0.808218,0.017011,0.588443,-235.535141,92.420746,85.574379
816,6.800000,0.017524,0.808677,0.019664,0.587664,-235.550507,92.424507,85.639473
817,6.808333,0.019968,0.809371,0.021453,0.586566,-235.557968,92.431053,85.680321
818,6.816667,0.017135,0.811495,0.023742,0.583625,-235.554688,92.410225,85.729691
819,6.825000,0.016459,0.813242,0.026907,0.581071,-235.564667,92.418823,85.756393
820,6.833333,0.015546,0.814036,0.027774,0.579941,-235.574982,92.413376,85.766777
821,6.841667,0.014507,0.814409,0.028004,0.579434,-235.580994,92.408920,85.770363
822,6.850000,0.014589,0.814399,0.027861,0.579452,-235.572144,92.406029,85.772766
823,6.858333,0.014932,0.813701,0.025496,0.580532,-235.553055,92.395134,85.771553
824,6.866667,0.015392,0.812688,0.024038,0.582000,-235.534195,92.392647,85.760010
825,6.875000,0.015628,0.811063,0.022787,0.584306,-235.508942,92.394958,85.743813
826,6.883333,0.017110,0.808831,0.021086,0.587414,-235.486603,92.403481,85.715340
827,6.891667,0.018795,0.806415,0.018586,0.590758,-235.458160,92.411148,85.681175
828,6.900000,0.019252,0.804650,0.016828,0.593198,-235.438995,92.411385,85.649620
829,6.908333,0.016740,0.802539,0.015314,0.596169,-235.436554,92.423363,85.613358
830,6.916667,0.016373,0.801098,0.014925,0.598123,-235.439819,92.420914,85.581238
831,6.925000,0.016034,0.800152,0.014607,0.599406,-235.454803,92.420975,85.564018
832,6.933333,0.017394,0.799626,0.015518,0.600046,-235.468811,92.401108,85.545059
833,6.941667,0.016549,0.799019,0.015255,0.600885,-235.496140,92.401794,85.546562
834,6.950000,0.015668,0.798708,0.015294,0.601320,-235.509460,92.397873,85.549973
835,6.958333,0.015374,0.798269,0.015800,0.601898,-235.511398,92.390793,85.564651
836,6.966667,0.016176,0.798022,0.017004,0.602171,-235.501389,92.379501,85.586891
837,6.975000,0.017281,0.797980,0.017712,0.602176,-235.485199,92.375717,85.610779
838,6.983333,0.018578,0.798208,0.017877,0.601831,-235.461456,92.380417,85.642593
839,6.991667,0.019988,0.798846,0.018046,0.600933,-235.437943,92.390594,85.669586
840,7.000000,0.021262,0.799601,0.017957,0.599887,-235.416672,92.403091,85.687546
841,7.008333,0.022052,0.800425,0.017488,0.598772,-235.406570,92.410835,85.698677
842,7.016667,0.021993,0.801104,0.018857,0.597824,-235.422592,92.418800,85.703888
843,7.025000,0.021100,0.801430,0.019292,0.597404,-235.442093,92.415192,85.696480
844,7.033333,0.019860,0.801841,0.018795,0.596912,-235.460449,92.404022,85.676727
845,7.041667,0.018599,0.802123,0.017772,0.596605,-235.476654,92.399117,85.653915
846,7.050000,0.017943,0.802251,0.016968,0.596476,-235.489395,92.394547,85.633247
847,7.058333,0.017334,0.802296,0.016814,0.596438,-235.494446,92.390312,85.618446
848,7.066667,0.016962,0.802366,0.016746,0.596356,-235.496948,92.390228,85.610085
849,7.075000,0.016540,0.801910,0.016689,0.596982,-235.490723,92.390236,85.593353
850,7.083333,0.016989,0.801766,0.016371,0.597172,-235.478333,92.392632,85.585815
851,7.091667,0.015835,0.801722,0.015607,0.597283,-235.474701,92.411469,85.594414
852,7.100000,0.016874,0.801904,0.015536,0.597013,-235.464569,92.412941,85.603348
853,7.108333,0.018757,0.802549,0.015694,0.596085,-235.455154,92.404366,85.623962
854,7.116667,0.019845,0.802953,0.016338,0.595487,-235.469604,92.404922,85.644325
855,7.125000,0.020480,0.802979,0.018892,0.595356,-235.492035,92.407059,85.674416
856,7.133333,0.020698,0.802828,0.020212,0.595508,-235.505417,92.409088,85.698219
857,7.141667,0.021368,0.802507,0.020994,0.595890,-235.518768,92.405029,85.723343
858,7.150000,0.021815,0.802374,0.021276,0.596043,-235.533112,92.405602,85.732063
859,7.158333,0.021797,0.802415,0.021343,0.595987,-235.549423,92.407104,85.731651
860,7.166667,0.021517,0.802488,0.021333,0.595899,-235.560104,92.409172,85.731331
861,7.175000,0.021147,0.802516,0.021304,0.595876,-235.558838,92.407455,85.726746
862,7.183333,0.020734,0.802744,0.021182,0.595586,-235.544159,92.407791,85.707314
863,7.191667,0.020698,0.802811,0.020429,0.595524,-235.518311,92.408699,85.701164
864,7.200000,0.020889,0.802908,0.019595,0.595415,-235.487274,92.411209,85.687973
865,7.208333,0.020933,0.802963,0.017750,0.595396,-235.457352,92.410484,85.670845
866,7.216667,0.020993,0.803256,0.015865,0.595053,-235.431366,92.408218,85.650238
867,7.225000,0.019394,0.803550,0.014172,0.594752,-235.427551,92.426041,85.647766
868,7.233333,0.019413,0.803782,0.014150,0.594438,-235.423859,92.427673,85.644836
869,7.241667,0.019225,0.803878,0.014388,0.594309,-235.427353,92.429123,85.648483
870,7.250000,0.020427,0.803967,0.015235,0.594128,-235.433121,92.415871,85.658920
871,7.258333,0.021453,0.803837,0.016137,0.594244,-235.458191,92.410606,85.671341
872,7.266667,0.021776,0.803516,0.019065,0.594580,-235.490997,92.413506,85.691994
873,7.275000,0.021665,0.803180,0.020492,0.594990,-235.518616,92.415665,85.700066
874,7.283333,0.021706,0.802802,0.020987,0.595481,-235.545532,92.413292,85.715866
875,7.291667,0.021732,0.802757,0.021153,0.595535,-235.558655,92.410072,85.718544
876,7.300000,0.021405,0.802778,0.021282,0.595514,-235.559006,92.406685,85.716858
877,7.308333,0.021247,0.802780,0.020935,0.595528,-235.547211,92.406540,85.716454
878,7.316667,0.021143,0.803064,0.020206,0.595175,-235.517624,92.410698,85.700546
879,7.325000,0.021169,0.803144,0.019561,0.595087,-235.489944,92.409828,85.692795
880,7.333333,0.021051,0.803184,0.018580,0.595068,-235.465118,92.411926,85.681923
881,7.341667,0.020793,0.803334,0.017049,0.594921,-235.441925,92.409393,85.667152
882,7.350000,0.020789,0.803527,0.015837,0.594694,-235.432434,92.407928,85.658920
883,7.358333,0.020812,0.803776,0.015498,0.594366,-235.432144,92.405800,85.659042
884,7.366667,0.020895,0.803807,0.015962,0.594308,-235.440521,92.404404,85.667435
885,7.375000,0.020942,0.803712,0.016957,0.594408,-235.454681,92.402809,85.681244
886,7.383333,0.020825,0.803492,0.019129,0.594644,-235.470886,92.410194,85.689667
887,7.391667,0.020612,0.803334,0.020066,0.594834,-235.484955,92.411224,85.691360
888,7.400000,0.020396,0.803289,0.020292,0.594895,-235.495377,92.410751,85.686081
889,7.408333,0.020205,0.803333,0.020095,0.594848,-235.500748,92.408058,85.684349
890,7.416667,0.020203,0.803413,0.020146,0.594738,-235.502655,92.406715,85.687233
891,7.425000,0.020369,0.803414,0.020118,0.594732,-235.499329,92.405487,85.693039
892,7.433333,0.020466,0.803380,0.020048,0.594776,-235.496780,92.409042,85.695335
893,7.441667,0.020471,0.803409,0.019786,0.594747,-235.493546,92.409920,85.691139
894,7.450000,0.020217,0.803446,0.019601,0.594711,-235.488892,92.407959,85.687889
895,7.458333,0.020117,0.803489,0.019387,0.594663,-235.480972,92.405571,85.686539
896,7.466667,0.020034,0.803524,0.018992,0.594632,-235.468597,92.406013,85.687737
897,7.475000,0.020024,0.803599,0.017988,0.594562,-235.454697,92.404152,85.684006
898,7.483333,0.020025,0.803761,0.017095,0.594370,-235.444290,92.401466,85.671555
899,7.491667,0.020118,0.803815,0.016589,0.594308,-235.445953,92.397949,85.669395
900,7.500000,0.020262,0.803812,0.016611,0.594306,-235.448792,92.396439,85.671242
901,7.508333,0.020263,0.803790,0.017054,0.594323,-235.449890,92.398384,85.673035
902,7.516667,0.019910,0.803810,0.017200,0.594304,-235.450272,92.400513,85.672516
903,7.525000,0.019965,0.803802,0.017285,0.594311,-235.445496,92.399612,85.667313
904,7.533333,0.019811,0.803817,0.016932,0.594306,-235.439087,92.399506,85.667580
905,7.541667,0.019899,0.803915,0.016662,0.594178,-235.433167,92.400146,85.666328
906,7.550000,0.020263,0.803907,0.016645,0.594176,-235.435150,92.398949,85.670074
907,7.558333,0.020353,0.803850,0.016709,0.594248,-235.440918,92.399231,85.671936
908,7.566667,0.020061,0.803792,0.016727,0.594336,-235.446899,92.400299,85.665413
909,7.575000,0.019916,0.803728,0.016942,0.594423,-235.454224,92.398872,85.661720
910,7.583333,0.019872,0.803774,0.016899,0.594363,-235.455994,92.396698,85.660728
911,7.591667,0.019859,0.803780,0.016924,0.594354,-235.457748,92.395081,85.664696
912,7.600000,0.019922,0.803823,0.017068,0.594289,-235.457489,92.396378,85.673386
913,7.608333,0.020169,0.803784,0.017080,0.594334,-235.454315,92.398232,85.677170
914,7.616667,0.020185,0.803787,0.017100,0.594328,-235.450241,92.399666,85.679184
915,7.625000,0.020113,0.803739,0.017149,0.594394,-235.449188,92.400620,85.674988
916,7.633333,0.020004,0.803692,0.017094,0.594464,-235.451202,92.402077,85.671455
917,7.641667,0.020000,0.803701,0.016993,0.594455,-235.450119,92.400963,85.671600
918,7.650000,0.020022,0.803788,0.016952,0.594337,-235.444504,92.399254,85.671547
919,7.658333,0.019941,0.803894,0.016757,0.594202,-235.437897,92.399857,85.670990
920,7.666667,0.020086,0.803879,0.016603,0.594222,-235.436157,92.398193,85.667648
921,7.675000,0.020004,0.803819,0.016555,0.594307,-235.439774,92.399559,85.667213
922,7.683333,0.019885,0.803834,0.016661,0.594287,-235.440369,92.399429,85.664345
923,7.691667,0.019836,0.803845,0.016724,0.594273,-235.439560,92.399162,85.664574
924,7.700000,0.019920,0.803827,0.016821,0.594291,-235.440018,92.400085,85.667572
925,7.708333,0.019803,0.803791,0.016784,0.594345,-235.442612,92.400879,85.667648
926,7.716667,0.019857,0.803758,0.016827,0.594386,-235.447876,92.400673,85.668549
927,7.725000,0.019933,0.803788,0.016876,0.594342,-235.448578,92.400284,85.667564
928,7.733333,0.019970,0.803792,0.016975,0.594333,-235.449142,92.399864,85.671371
929,7.741667,0.020038,0.803753,0.016954,0.594384,-235.450485,92.400375,85.671883
930,7.750000,0.020175,0.803729,0.017033,0.594410,-235.451965,92.401535,85.670998
931,7.758333,0.020122,0.803762,0.017121,0.594364,-235.451721,92.401138,85.673332
932,7.766667,0.020096,0.803773,0.017076,0.594351,-235.449524,92.399254,85.675011
933,7.775000,0.019973,0.803738,0.016984,0.594406,-235.448410,92.400734,85.675232
934,7.783333,0.019974,0.803729,0.016921,0.594419,-235.446548,92.402199,85.672600
935,7.791667,0.019991,0.803760,0.016750,0.594381,-235.443924,92.401672,85.672119
936,7.800000,0.020018,0.803826,0.016855,0.594289,-235.442017,92.401520,85.671242
937,7.808333,0.020023,0.803848,0.016750,0.594261,-235.440033,92.400795,85.668922
938,7.816667,0.019923,0.803807,0.016678,0.594323,-235.440948,92.401489,85.668472
939,7.825000,0.019894,0.803829,0.016744,0.594292,-235.440277,92.400681,85.668709
940,7.833333,0.019871,0.803829,0.016787,0.594291,-235.439651,92.401627,85.668060
941,7.841667,0.019828,0.803805,0.016902,0.594321,-235.441833,92.401192,85.668259
942,7.850000,0.019881,0.803794,0.016894,0.594336,-235.442947,92.400177,85.666573
943,7.858333,0.019769,0.803775,0.016785,0.594368,-235.445694,92.401329,85.668564
944,7.866667,0.019905,0.803803,0.016927,0.594322,-235.445755,92.399094,85.669395
945,7.875000,0.019850,0.803800,0.017022,0.594325,-235.449142,92.400528,85.670181
946,7.883333,0.019928,0.803751,0.017039,0.594388,-235.450867,92.399780,85.671005
947,7.891667,0.020003,0.803747,0.017096,0.594390,-235.451035,92.398155,85.671005
948,7.900000,0.019931,0.803748,0.017044,0.594392,-235.451385,92.398857,85.673836
949,7.908333,0.020038,0.803740,0.017031,0.594399,-235.451508,92.399010,85.673836
950,7.916667,0.020042,0.803753,0.016960,0.594384,-235.451843,92.400169,85.674942
951,7.925000,0.020073,0.803738,0.017056,0.594399,-235.451370,92.401123,85.674187
952,7.933333,0.020036,0.803737,0.016956,0.594405,-235.449646,92.400253,85.674629
953,7.941667,0.019956,0.803738,0.017087,0.594403,-235.449097,92.400940,85.675316
954,7.950000,0.019941,0.803705,0.016927,0.594452,-235.447769,92.402092,85.672829
955,7.958333,0.019975,0.803721,0.017000,0.594428,-235.447281,92.400993,85.672852
956,7.966667,0.019858,0.803728,0.016845,0.594427,-235.447113,92.401001,85.671463
957,7.975000,0.019954,0.803749,0.016791,0.594397,-235.447266,92.400398,85.669182
958,7.983333,0.020035,0.803753,0.016935,0.594384,-235.447815,92.400246,85.669891
959,7.991667,0.019978,0.803765,0.016939,0.594371,-235.447693,92.400879,85.668663
960,8.000000,0.020026,0.803784,0.017000,0.594341,-235.448807,92.398987,85.670067
961,8.008333,0.020046,0.803724,0.017022,0.594421,-235.450455,92.399994,85.670021
962,8.016667,0.020103,0.803707,0.016975,0.594444,-235.450882,92.400284,85.670547
963,8.025000,0.020112,0.803729,0.017003,0.594412,-235.452225,92.400345,85.672417
964,8.033333,0.020031,0.803682,0.016864,0.594483,-235.453079,92.401054,85.671852
965,8.041667,0.020010,0.803678,0.016970,0.594485,-235.454208,92.400246,85.673523
966,8.050000,0.020145,0.803655,0.017106,0.594508,-235.454391,92.399979,85.674194
967,8.058333,0.019963,0.803645,0.018356,0.594491,-235.457397,92.407715,85.681412
968,8.066667,0.020045,0.803523,0.018224,0.594657,-235.453918,92.408051,85.680122
969,8.075000,0.019990,0.803550,0.018654,0.594609,-235.454391,92.409119,85.681961
970,8.083333,0.020032,0.803557,0.018146,0.594614,-235.452393,92.406120,85.679504
971,8.091667,0.020070,0.803630,0.017501,0.594534,-235.451263,92.402290,85.676323
972,8.100000,0.020062,0.803676,0.016957,0.594487,-235.451340,92.401520,85.673897
973,8.108333,0.019989,0.803750,0.016641,0.594398,-235.450455,92.400566,85.671440
974,8.116667,0.020102,0.803769,0.016666,0.594368,-235.449738,92.398483,85.669098
975,8.125000,0.020088,0.803724,0.016885,0.594423,-235.450409,92.398468,85.669777
976,8.133333,0.020123,0.803726,0.017006,0.594415,-235.449600,92.398293,85.668686
977,8.141667,0.020033,0.803714,0.017001,0.594436,-235.450409,92.399750,85.668861
978,8.150000,0.020045,0.803681,0.016978,0.594480,-235.450989,92.400856,85.669487
979,8.158333,0.020094,0.803686,0.016899,0.594473,-235.450958,92.400986,85.670219
980,8.166667,0.020130,0.803724,0.017027,0.594418,-235.452530,92.401443,85.671402
981,8.175000,0.020002,0.803732,0.016956,0.594414,-235.453125,92.401604,85.672638
982,8.183333,0.020015,0.803720,0.017160,0.594424,-235.453705,92.399498,85.674164
983,8.191667,0.019994,0.803678,0.018583,0.594439,-235.456985,92.406639,85.678688
984,8.200000,0.019911,0.803633,0.018994,0.594489,-235.456085,92.409119,85.680672
985,8.208333,0.019839,0.803491,0.018085,0.594712,-235.453842,92.407494,85.678902
986,8.216667,0.020068,0.803578,0.017367,0.594608,-235.452133,92.401169,85.673347
987,8.225000,0.019949,0.803679,0.016725,0.594494,-235.454102,92.401001,85.671600
988,8.233333,0.019956,0.803791,0.016800,0.594339,-235.454102,92.399376,85.670319
989,8.241667,0.020100,0.803763,0.016918,0.594369,-235.454391,92.398567,85.669991
990,8.250000,0.019875,0.803728,0.018502,0.594376,-235.457062,92.406960,85.676628
991,8.258333,0.019940,0.803575,0.018363,0.594586,-235.452820,92.405792,85.674461
992,8.266667,0.019861,0.803545,0.017539,0.594654,-235.451248,92.402763,85.672623
993,8.275000,0.019872,0.803681,0.017010,0.594485,-235.451157,92.400284,85.668579
994,8.283333,0.019831,0.803759,0.016736,0.594389,-235.452774,92.399078,85.667984
995,8.291667,0.019728,0.803752,0.016686,0.594403,-235.453491,92.399651,85.667953
996,8.300000,0.019903,0.803757,0.016806,0.594387,-235.453156,92.397636,85.667160
997,8.308333,0.019886,0.803745,0.016937,0.594401,-235.454056,92.398621,85.667923
998,8.316667,0.019972,0.803749,0.017082,0.594388,-235.454041,92.397980,85.668579
999,8.325000,0.019994,0.803724,0.017139,0.594420,-235.455368,92.398956,85.669182
